 175 183 177 172 172 173 171 162 116 108 135 157  74  61  59  68
 177 178 175 173 175 174 179 175 163 140 133 158  79  64  59  63
 179 175 173 174 180 174 175 180 168 127 133 164  80  65  65  61
 182 176 174 173 182 179 178 178 172 136 140 163  90  78  82  77
 182 178 175 176 181 179 181 180 152 128 129 174 160 168 173 176
 181 184 180 181 180 180 179 179 146 135 138 180 179 183 183 187
 176 184 180 179 178 175 180 180 146 138 151 175 175 185 184 188
 178 182 183 183 183 184 186 185 180 145 167 179 177 188 189 193
 183 184 180 152 146 140 128 121 122  81 124 182 182 185 192 194
 186 187 119  68  72  69  67  75  81  89 161 181 182 187 195 195
 181 168  75 105 161 145 104 164 169 172 182 177 180 186 192 192
 176 154  69 148 173 155 131 165 161 177 178 174 183 185 188 191
 177 160  72 125 175 169 172 178 165 138 180 155 185 189 188 190
 179 165  70 122  81  79  77  90 147  77 140 166 159 191 189 190
 181 163  75 151 144 133 139 138  99  87 169 170 154 190 188 191
 179 175  90 163 188 182 178 183 139 120 183 162 162 193 188 189
 163 161 164 164 161 159 158 150 125 111 119 146  76  62  59  62
 163 164 165 164 161 161 158 154 147 128 120 148  80  64  62  60
 162 165 167 164 161 161 157 155 153 119 119 148  82  67  64  64
 162 165 166 164 161 162 160 157 153 126 122 150 100  81  80  78
 164 165 165 163 160 159 158 155 141 118 118 150 150 151 158 151
 164 164 163 159 162 159 158 156 135 125 128 148 153 160 165 160
 165 164 163 164 164 160 159 155 142 128 138 153 155 162 165 165
 164 162 162 160 159 158 158 160 151 123 141 151 154 162 163 164
 161 159 156 135 120 117 112 111 103  81 110 150 155 164 164 161
 159 158 113  73  72  71  71  74  77  90 136 152 154 164 166 164
 163 157  81  99 139 132  94 141 144 152 152 151 157 165 168 166
 164 153  73 119 147 141 119 143 144 151 143 149 157 166 169 164
 164 153  72 103 144 147 151 153 149 125 143 136 152 163 168 165
 162 156  78 106  84  78  77  85 120  77 119 146 137 163 168 165
 163 159  87 126 136 127 126 125 102  83 145 153 134 167 166 167
 164 157  96 144 156 155 159 154 138 113 154 148 140 167 165 167
 151 154 150 151 151 150 150 144 112  99 104 133  72  48  45  42
 151 151 149 153 151 151 151 147 146 124 111 129  77  50  49  41
 154 153 147 153 154 153 156 147 145 110 105 133  76  47  52  50
 155 152 150 153 152 149 150 146 140 116 108 135  94  68  74  74
 152 152 151 154 149 147 147 143 124 109 102 139 137 147 151 154
 152 150 154 155 151 152 150 143 122 114 114 141 145 153 153 162
 153 152 152 150 150 154 148 142 128 109 120 140 147 152 157 159
 155 153 151 152 151 152 145 138 142 111 121 140 147 153 159 157
 155 155 146 123 114 106  94  91  86  61  81 141 150 155 158 161
 154 152  93  50  60  64  57  61  61  65 124 144 149 153 153 158
 152 142  66  86 132 132  93 125 129 131 143 145 145 152 155 154
 150 143  62 105 132 129 105 123 127 128 135 132 146 155 160 160
 147 144  62  89 131 130 129 129 136  98 133 125 142 158 161 161
 153 148  73  98  75  57  59  55 101  60  97 137 127 162 163 162
 153 147  76 119 136 114 112 106  90  67 126 137 121 159 164 159
 151 143  85 135 153 151 148 146 129 101 139 135 128 160 162 158

  68  63  61  77 176 187 188 193 194 195 192 191 190 190 191 189
  59  59  65  82 173 183 184 189 192 195 192 188 188 189 188 188
  61  64  65  78 168 183 185 188 185 187 186 185 189 191 190 193
  74  79  80  90 160 179 175 177 182 182 180 183 185 159 154 162
 157 158 164 163 174 180 175 179 182 181 177 174 155 166 170 162
 135 133 133 140 129 138 151 167 124 161 182 178 180 140 169 183
 108 140 127 136 128 135 138 145  81  89 172 177 138  77  87 120
 116 163 168 172 152 146 146 180 122  81 169 161 165 147  99 139
 162 175 180 178 180 179 180 185 121  75 164 165 178  90 138 183
 171 179 175 178 181 179 180 186 128  67 104 131 172  77 139 178
 173 174 174 179 179 180 175 184 140  69 145 155 169  79 133 182
 172 175 180 182 181 180 178 183 146  72 161 173 175  81 144 188
 172 173 174 173 176 181 179 183 152  68 105 148 125 122 151 163
 177 175 173 174 175 180 180 183 180 119  75  69  72  70  75  90
 183 178 175 176 178 184 184 182 184 187 168 154 160 165 163 175
 175 177 179 182 182 181 176 178 183 186 181 176 177 179 181 179
  62  60  64  78 151 160 165 164 161 164 166 164 165 165 167 167
  59  62  64  80 158 165 165 163 164 166 168 169 168 168 166 165
  62  64  67  81 151 160 162 162 164 164 165 166 163 163 167 167
  76  80  82 100 150 153 155 154 155 154 157 157 152 137 134 140
 146 148 148 150 150 148 153 151 150 152 151 149 136 146 153 148
 119 120 119 122 118 128 138 141 110 136 152 143 143 119 145 154
 111 128 119 126 118 125 128 123  81  90 152 151 125  77  83 113
 125 147 153 153 141 135 142 151 103  77 144 144 149 120 102 138
 150 154 155 157 155 156 155 160 111  74 141 143 153  85 125 154
 158 158 157 160 158 158 159 158 112  71  94 119 151  77 126 159
 159 161 161 162 159 159 160 158 117  71 132 141 147  78 127 155
 161 161 161 161 160 162 164 159 120  72 139 147 144  84 136 156
 164 164 164 164 163 159 164 160 135  73  99 119 103 106 126 144
 164 165 167 166 165 163 163 162 156 113  81  73  72  78  87  96
 161 164 165 165 165 164 164 162 159 158 157 153 153 156 159 157
 163 163 162 162 164 164 165 164 161 159 163 164 164 162 163 164
  42  41  50  74 154 162 159 157 161 158 154 160 161 162 159 158
  45  49  52  74 151 153 157 159 158 153 155 160 161 163 164 162
  48  50  47  68 147 153 152 153 155 153 152 155 158 162 159 160
  72  77  76  94 137 145 147 147 150 149 145 146 142 127 121 128
 133 129 133 135 139 141 140 140 141 144 145 132 125 137 137 135
 104 111 105 108 102 114 120 121  81 124 143 135 133  97 126 139
  99 124 110 116 109 114 109 111  61  65 131 128  98  60  67 101
 112 146 145 140 124 122 128 142  86  61 129 127 136 101  90 129
 144 147 147 146 143 143 142 138  91  61 125 123 129  55 106 146
 150 151 156 150 147 150 148 145  94  57  93 105 129  59 112 148
 150 151 153 149 147 152 154 152 106  64 132 129 130  57 114 151
 151 151 154 152 149 151 150 151 114  60 132 132 131  75 136 153
 151 153 153 153 154 155 150 152 123  50  86 105  89  98 119 135
 150 149 147 150 151 154 152 151 146  93  66  62  62  73  76  85
 154 151 153 152 152 150 152 153 155 152 142 143 144 148 147 143
 151 151 154 155 152 152 153 155 155 154 152 150 147 153 153 151

 189 188 193 162 162 183 120 139 183 178 182 188 163  90 175 179
 191 188 190 154 170 169  87  99 138 139 133 144 151  75 163 181
 190 189 191 159 166 140  77 147  90  77  79  81 122  70 165 179
 190 188 189 185 155 180 138 165 178 172 169 175 125  72 160 177
 191 188 185 183 174 178 177 161 165 131 155 173 148  69 154 176
 192 192 186 180 177 182 172 169 164 104 145 161 105  75 168 181
 195 195 187 182 181 161  89  81  75  67  69  72  68 119 187 186
 194 192 185 182 182 124  81 122 121 128 140 146 152 180 184 183
 193 189 188 177 179 167 145 180 185 186 184 183 183 183 182 178
 188 184 185 175 175 151 138 146 180 180 175 178 179 180 184 176
 187 183 183 179 180 138 135 146 179 179 180 180 181 180 184 181
 176 173 168 160 174 129 128 152 180 181 179 181 176 175 178 182
  77  82  78  90 163 140 136 172 178 178 179 182 173 174 176 182
  61  65  65  80 164 133 127 168 180 175 174 180 174 173 175 179
  63  59  64  79 158 133 140 163 175 179 174 175 173 175 178 177
  68  59  61  74 157 135 108 116 162 171 173 172 172 177 183 175
 167 165 167 140 148 154 113 138 154 159 155 156 144  96 157 164
 167 166 167 134 153 145  83 102 125 126 127 136 126  87 159 163
 165 168 163 137 146 119  77 120  85  77  78  84 106  78 156 162
 165 168 163 152 136 143 125 149 153 151 147 144 103  72 153 164
 164 169 166 157 149 143 151 144 143 119 141 147 119  73 153 164
 166 168 165 157 151 152 152 144 141  94 132 139  99  81 157 163
 164 166 164 154 152 136  90  77  74  71  71  72  73 113 158 159
 161 164 164 155 150 110  81 103 111 112 117 120 135 156 159 161
 164 163 162 154 151 141 123 151 160 158 158 159 160 162 162 164
 165 165 162 155 153 138 128 142 155 159 160 164 164 163 164 165
 160 165 160 153 148 128 125 135 156 158 159 162 159 163 164 164
 151 158 151 150 150 118 118 141 155 158 159 160 163 165 165 164
  78  80  81 100 150 122 126 153 157 160 162 161 164 166 165 162
  64  64  67  82 148 119 119 153 155 157 161 161 164 167 165 162
  60  62  64  80 148 120 128 147 154 158 161 161 164 165 164 163
  62  59  62  76 146 119 111 125 150 158 159 161 164 164 161 163
 158 162 160 128 135 139 101 129 146 148 151 153 135  85 143 151
 159 164 159 121 137 126  67  90 106 112 114 136 119  76 147 153
 162 163 162 127 137  97  60 101  55  59  57  75  98  73 148 153
 161 161 158 142 125 133  98 136 129 129 130 131  89  62 144 147
 160 160 155 146 132 135 128 127 123 105 129 132 105  62 143 150
 154 155 152 145 145 143 131 129 125  93 132 132  86  66 142 152
 158 153 153 149 144 124  65  61  61  57  64  60  50  93 152 154
 161 158 155 150 141  81  61  86  91  94 106 114 123 146 155 155
 157 159 153 147 140 121 111 142 138 145 152 151 152 151 153 155
 159 157 152 147 140 120 109 128 142 148 154 150 150 152 152 153
 162 153 153 145 141 114 114 122 143 150 152 151 155 154 150 152
 154 151 147 137 139 102 109 124 143 147 147 149 154 151 152 152
  74  74  68  94 135 108 116 140 146 150 149 152 153 150 152 155
  50  52  47  76 133 105 110 145 147 156 153 154 153 147 153 154
  41  49  50  77 129 111 124 146 147 151 151 151 153 149 151 151
  42  45  48  72 133 104  99 112 144 150 150 151 151 150 154 151

 179 181 179 177 176 181 186 183 178 176 181 182 182 179 177 175
 175 163 165 160 154 168 187 184 182 184 184 178 176 175 178 183
  90  75  70  72  69  75 119 180 183 180 180 175 174 173 175 177
 163 151 122 125 148 105  68 152 183 179 181 176 173 174 173 172
 188 144  81 175 173 161  72 146 183 178 180 181 182 180 175 172
 182 133  79 169 155 145  69 140 184 175 180 179 179 174 174 173
 178 139  77 172 131 104  67 128 186 180 179 181 178 175 179 171
 183 138  90 178 165 164  75 121 185 180 179 180 178 180 175 162
 139  99 147 165 161 169  81 122 180 146 146 152 172 168 163 116
 120  87  77 138 177 172  89  81 145 138 135 128 136 127 140 108
 183 169 140 180 178 182 161 124 167 151 138 129 140 133 133 135
 162 170 166 155 174 177 181 182 179 175 180 174 163 164 158 157
 162 154 159 185 183 180 182 182 177 175 179 160  90  80  79  74
 193 190 191 189 185 186 187 185 188 185 183 168  78  65  64  61
 188 188 189 188 188 192 195 192 189 184 183 173  82  65  59  59
 189 191 190 190 191 192 195 194 193 188 187 176  77  61  63  68
 164 163 162 164 164 163 159 161 164 165 164 164 162 162 163 163
 157 159 156 153 153 157 158 159 162 164 164 165 165 165 164 161
  96  87  78  72  73  81 113 156 162 163 163 165 166 167 165 164
 144 126 106 103 119  99  73 135 160 164 159 163 164 164 164 164
 156 136  84 144 147 139  72 120 159 164 162 160 161 161 161 161
 155 127  78 147 141 132  71 117 158 160 159 159 162 161 161 159
 159 126  77 151 119  94  71 112 158 159 158 158 160 157 158 158
 154 125  85 153 143 141  74 111 160 155 156 155 157 155 154 150
 138 102 120 149 144 144  77 103 151 142 135 141 153 153 147 125
 113  83  77 125 151 152  90  81 123 128 125 118 126 119 128 111
 154 145 119 143 143 152 136 110 141 138 128 118 122 119 120 119
 148 153 146 136 149 151 152 150 151 153 148 150 150 148 148 146
 140 134 137 152 157 157 154 155 154 155 153 150 100  82  80  76
 167 167 163 163 166 165 164 164 162 162 160 151  81  67  64  62
 165 166 168 168 169 168 166 164 163 165 165 158  80  64  62  59
 167 167 165 165 164 166 164 161 164 165 160 151  78  64  60  62
 151 153 153 147 150 152 154 155 155 153 152 152 155 154 151 151
 143 147 148 144 143 142 152 155 153 152 150 152 152 153 151 154
  85  76  73  62  62  66  93 146 151 152 154 151 150 147 149 150
 135 119  98  89 105  86  50 123 152 150 155 154 153 153 153 151
 153 136  75 131 132 132  60 114 151 150 151 149 152 154 151 151
 151 114  57 130 129 132  64 106 152 154 152 147 149 153 151 150
 148 112  59 129 105  93  57  94 145 148 150 147 150 156 151 150
 146 106  55 129 123 125  61  91 138 142 143 143 146 147 147 144
 129  90 101 136 127 129  61  86 142 128 122 124 140 145 146 112
 101  67  60  98 128 131  65  61 111 109 114 109 116 110 124  99
 139 126  97 133 135 143 124  81 121 120 114 102 108 105 111 104
 135 137 137 125 132 145 144 141 140 140 141 139 135 133 129 133
 128 121 127 142 146 145 149 150 147 147 145 137  94  76  77  72
 160 159 162 158 155 152 153 155 153 152 153 147  68  47  50  48
 162 164 163 161 160 155 153 158 159 157 153 151  74  52  49  45
 158 159 162 161 160 154 158 161 157 159 162 154  74  50  41  42

