 185 183 186 188 186 183 182 182 184 185 182 176  93  70  65  65
 189 191 186 190 188 185 182 181 183 184 183 173  91  67  65  62
 187 187 185 183 185 185 186 183 180 183 187 178  89  66  72  68
 187 184 185 182 185 186 188 189 185 184 181 173 117  94  95  93
 188 188 186 185 188 187 189 186 185 184 185 185 185 181 183 179
 184 186 190 188 191 191 186 188 185 185 186 185 185 183 185 191
 187 190 188 186 183 187 185 188 183 185 185 185 187 184 182 180
 187 184 177 158 121 157 184 186 187 187 187 185 187 188 186 180
 164 144 130 154 138 165 191 184 188 186 189 190 184 184 189 177
 114 167  98 138 185 157 193 190 186 187 189 189 188 189 186 183
 103 187 136  77 143 163 192 188 193 189 183 187 189 189 183 184
  79 178 189 133 123 177 187 186 188 184 182 184 188 182 183 184
  99 107 131 130 176 170 151 136 139 152 134 151 146 152 158 146
 152  89  88 115 120 132 169 123 137 165 130 177 141 135 118 165
 176 171 145 137 156 188 186 162 166 173 168 181 166 178 174 172
 176 149 159 167 172 191 188 188 187 185 186 190 191 190 192 190
 175 173 172 173 174 174 172 171 169 167 167 165  99  72  74  70
 176 174 174 173 173 173 173 171 171 170 168 166 102  74  66  68
 172 174 175 175 174 174 174 172 171 171 168 164  99  71  67  68
 174 174 174 176 175 175 173 171 169 168 169 165 120  94  91  89
 174 171 173 174 171 171 172 172 171 171 170 165 161 162 159 161
 175 174 174 172 170 170 172 171 170 172 167 165 167 167 164 166
 176 175 175 175 174 172 172 172 170 170 168 170 170 167 168 166
 175 169 164 152 123 148 169 172 170 167 168 167 169 168 168 166
 159 139 129 146 132 144 171 173 172 172 169 169 170 170 165 168
 120 146 104 127 162 145 168 169 169 170 168 171 168 166 165 166
 100 158 132  84 127 149 170 170 169 170 170 170 169 167 166 166
  94 154 168 128 120 160 170 169 170 170 169 166 168 169 167 164
 100  99 122 121 148 157 152 138 140 146 126 142 139 139 151 138
 144  93  86  99 117 123 152 122 132 149 124 153 129 125 115 140
 161 154 140 126 132 156 165 150 152 157 151 160 155 155 151 152
 165 147 151 154 151 164 170 170 169 167 168 169 171 170 165 163
 171 169 170 168 170 168 168 168 165 166 164 164  95  56  51  50
 168 171 171 172 172 166 166 164 163 164 168 164  89  50  51  49
 172 170 170 170 170 167 165 163 164 163 167 160  88  53  58  52
 172 170 168 167 167 166 164 165 168 167 166 158 112  89  85  86
 168 172 169 163 168 170 166 162 163 162 165 164 160 157 154 153
 168 168 166 168 169 166 165 163 164 162 164 167 162 158 159 162
 169 167 166 166 167 165 163 161 163 163 166 160 158 158 162 161
 167 163 154 148 111 134 153 160 162 163 166 162 162 162 161 160
 160 140 123 137 129 132 156 161 160 163 165 162 161 162 165 161
 114 143  96 113 155 137 161 164 166 165 166 162 163 165 164 160
  94 156 131  74 116 136 160 163 164 162 164 162 162 162 159 157
  81 137 160 122  97 143 156 157 158 159 160 157 161 161 160 159
  93  84 110 109 142 148 137 122 127 136 121 125 133 131 142 125
 138  83  76  93 111 110 146 109 120 139 117 142 117 121 106 129
 157 151 136 119 123 147 164 144 146 147 141 152 146 148 148 137
 164 138 145 148 147 161 164 161 163 168 164 161 161 162 162 164

  65  62  68  93 179 191 180 180 177 183 184 184 146 165 172 190
  65  65  72  95 183 185 182 186 189 186 183 183 158 118 174 192
  70  67  66  94 181 183 184 188 184 189 189 182 152 135 178 190
  93  91  89 117 185 185 187 187 184 188 189 188 146 141 166 191
 176 173 178 173 185 185 185 185 190 189 187 184 151 177 181 190
 182 183 187 181 185 186 185 187 189 189 183 182 134 130 168 186
 185 184 183 184 184 185 185 187 186 187 189 184 152 165 173 185
 184 183 180 185 185 185 183 187 188 186 193 188 139 137 166 187
 182 181 183 189 186 188 188 186 184 190 188 186 136 123 162 188
 182 182 186 188 189 186 185 184 191 193 192 187 151 169 186 188
 183 185 185 186 187 191 187 157 165 157 163 177 170 132 188 191
 186 188 185 185 188 191 183 121 138 185 143 123 176 120 156 172
 188 190 183 182 185 188 186 158 154 138  77 133 130 115 137 167
 186 186 185 185 186 190 188 177 130  98 136 189 131  88 145 159
 183 191 187 184 188 186 190 184 144 167 187 178 107  89 171 149
 185 189 187 187 188 184 187 187 164 114 103  79  99 152 176 176
  70  68  68  89 161 166 166 166 168 166 166 164 138 140 152 163
  74  66  67  91 159 164 168 168 165 165 166 167 151 115 151 165
  72  74  71  94 162 167 167 168 170 166 167 169 139 125 155 170
  99 102  99 120 161 167 170 169 170 168 169 168 139 129 155 171
 165 166 164 165 165 165 170 167 169 171 170 166 142 153 160 169
 167 168 168 169 170 167 168 168 169 168 170 169 126 124 151 168
 167 170 171 168 171 172 170 167 172 170 170 170 146 149 157 167
 169 171 171 169 171 170 170 170 172 169 169 170 140 132 152 169
 171 171 172 171 172 171 172 172 173 169 170 169 138 122 150 170
 172 173 174 173 172 172 172 169 171 168 170 170 152 152 165 170
 174 173 174 175 171 170 172 148 144 145 149 160 157 123 156 164
 174 173 174 175 171 170 174 123 132 162 127 120 148 117 132 151
 173 173 175 176 174 172 175 152 146 127  84 128 121  99 126 154
 172 174 175 174 173 174 175 164 129 104 132 168 122  86 140 151
 173 174 174 174 171 174 175 169 139 146 158 154  99  93 154 147
 175 176 172 174 174 175 176 175 159 120 100  94 100 144 161 165
  50  49  52  86 153 162 161 160 161 160 157 159 125 129 137 164
  51  51  58  85 154 159 162 161 165 164 159 160 142 106 148 162
  56  50  53  89 157 158 158 162 162 165 162 161 131 121 148 162
  95  89  88 112 160 162 158 162 161 163 162 161 133 117 146 161
 164 164 160 158 164 167 160 162 162 162 162 157 125 142 152 161
 164 168 167 166 165 164 166 166 165 166 164 160 121 117 141 164
 166 164 163 167 162 162 163 163 163 165 162 159 136 139 147 168
 165 163 164 168 163 164 163 162 160 166 164 158 127 120 146 163
 168 164 163 165 162 163 161 160 161 164 163 157 122 109 144 161
 168 166 165 164 166 165 163 153 156 161 160 156 137 146 164 164
 168 166 167 166 170 166 165 134 132 137 136 143 148 110 147 161
 170 172 170 167 168 169 167 111 129 155 116  97 142 111 123 147
 168 172 170 167 163 168 166 148 137 113  74 122 109  93 119 148
 170 171 170 168 169 166 166 154 123  96 131 160 110  76 136 145
 169 171 170 170 172 168 167 163 140 143 156 137  84  83 151 138
 171 168 172 172 168 168 169 167 160 114  94  81  93 138 157 164

 190 192 190 191 190 186 185 187 188 188 191 172 167 159 149 176
 172 174 178 166 181 168 173 166 162 186 188 156 137 145 171 176
 165 118 135 141 177 130 165 137 123 169 132 120 115  88  89 152
 146 158 152 146 151 134 152 139 136 151 170 176 130 131 107  99
 184 183 182 188 184 182 184 188 186 187 177 123 133 189 178  79
 184 183 189 189 187 183 189 193 188 192 163 143  77 136 187 103
 183 186 189 188 189 189 187 186 190 193 157 185 138  98 167 114
 177 189 184 184 190 189 186 188 184 191 165 138 154 130 144 164
 180 186 188 187 185 187 187 187 186 184 157 121 158 177 184 187
 180 182 184 187 185 185 185 183 188 185 187 183 186 188 190 187
 191 185 183 185 185 186 185 185 188 186 191 191 188 190 186 184
 179 183 181 185 185 185 184 185 186 189 187 188 185 186 188 188
  93  95  94 117 173 181 184 185 189 188 186 185 182 185 184 187
  68  72  66  89 178 187 183 180 183 186 185 185 183 185 187 187
  62  65  67  91 173 183 184 183 181 182 185 188 190 186 191 189
  65  65  70  93 176 182 185 184 182 182 183 186 188 186 183 185
 163 165 170 171 169 168 167 169 170 170 164 151 154 151 147 165
 152 151 155 155 160 151 157 152 150 165 156 132 126 140 154 161
 140 115 125 129 153 124 149 132 122 152 123 117  99  86  93 144
 138 151 139 139 142 126 146 140 138 152 157 148 121 122  99 100
 164 167 169 168 166 169 170 170 169 170 160 120 128 168 154  94
 166 166 167 169 170 170 170 169 170 170 149 127  84 132 158 100
 166 165 166 168 171 168 170 169 169 168 145 162 127 104 146 120
 168 165 170 170 169 169 172 172 173 171 144 132 146 129 139 159
 166 168 168 169 167 168 167 170 172 169 148 123 152 164 169 175
 166 168 167 170 170 168 170 170 172 172 172 174 175 175 175 176
 166 164 167 167 165 167 172 170 171 172 170 170 172 174 174 175
 161 159 162 161 165 170 171 171 172 172 171 171 174 173 171 174
  89  91  94 120 165 169 168 169 171 173 175 175 176 174 174 174
  68  67  71  99 164 168 171 171 172 174 174 174 175 175 174 172
  68  66  74 102 166 168 170 171 171 173 173 173 173 174 174 176
  70  74  72  99 165 167 167 169 171 172 174 174 173 172 173 175
 164 162 162 161 161 164 168 163 161 164 161 147 148 145 138 164
 137 148 148 146 152 141 147 146 144 164 147 123 119 136 151 157
 129 106 121 117 142 117 139 120 109 146 110 111  93  76  83 138
 125 142 131 133 125 121 136 127 122 137 148 142 109 110  84  93
 159 160 161 161 157 160 159 158 157 156 143  97 122 160 137  81
 157 159 162 162 162 164 162 164 163 160 136 116  74 131 156  94
 160 164 165 163 162 166 165 166 164 161 137 155 113  96 143 114
 161 165 162 161 162 165 163 160 161 156 132 129 137 123 140 160
 160 161 162 162 162 166 163 162 160 153 134 111 148 154 163 167
 161 162 158 158 160 166 163 163 161 163 165 167 166 166 167 169
 162 159 158 162 167 164 162 164 163 165 166 169 168 166 168 168
 153 154 157 160 164 165 162 163 162 166 170 168 163 169 172 168
  86  85  89 112 158 166 167 168 165 164 166 167 167 168 170 172
  52  58  53  88 160 167 163 164 163 165 167 170 170 170 170 172
  49  51  50  89 164 168 164 163 164 166 166 172 172 171 171 168
  50  51  56  95 164 164 166 165 168 168 168 170 168 170 169 171

 176 176 152  99  79 103 114 164 187 187 184 188 187 187 189 185
 149 171  89 107 178 187 167 144 184 190 186 188 184 187 191 183
 159 145  88 131 189 136  98 130 177 188 190 186 185 185 186 186
 167 137 115 130 133  77 138 154 158 186 188 185 182 183 190 188
 172 156 120 176 123 143 185 138 121 183 191 188 185 185 188 186
 191 188 132 170 177 163 157 165 157 187 191 187 186 185 185 183
 188 186 169 151 187 192 193 191 184 185 186 189 188 186 182 182
 188 162 123 136 186 188 190 184 186 188 188 186 189 183 181 182
 187 166 137 139 188 193 186 188 187 183 185 185 185 180 183 184
 185 173 165 152 184 189 187 186 187 185 185 184 184 183 184 185
 186 168 130 134 182 183 189 189 187 185 186 185 181 187 183 182
 190 181 177 151 184 187 189 190 185 185 185 185 173 178 173 176
 191 166 141 146 188 189 188 184 187 187 185 185 117  89  91  93
 190 178 135 152 182 189 189 184 188 184 183 181  94  66  67  70
 192 174 118 158 183 183 186 189 186 182 185 183  95  72  65  65
 190 172 165 146 184 184 183 177 180 180 191 179  93  68  62  65
 165 161 144 100  94 100 120 159 175 176 175 174 174 172 176 175
 147 154  93  99 154 158 146 139 169 175 174 171 174 174 174 173
 151 140  86 122 168 132 104 129 164 175 174 173 174 175 174 172
 154 126  99 121 128  84 127 146 152 175 172 174 176 175 173 173
 151 132 117 148 120 127 162 132 123 174 170 171 175 174 173 174
 164 156 123 157 160 149 145 144 148 172 170 171 175 174 173 174
 170 165 152 152 170 170 168 171 169 172 172 172 173 174 173 172
 170 150 122 138 169 170 169 173 172 172 171 172 171 172 171 171
 169 152 132 140 170 169 169 172 170 170 170 171 169 171 171 169
 167 157 149 146 170 170 170 172 167 170 172 171 168 171 170 167
 168 151 124 126 169 170 168 169 168 168 167 170 169 168 168 167
 169 160 153 142 166 170 171 169 167 170 165 165 165 164 166 165
 171 155 129 139 168 169 168 170 169 170 167 161 120  99 102  99
 170 155 125 139 169 167 166 170 168 167 167 162  94  71  74  72
 165 151 115 151 167 166 165 165 168 168 164 159  91  67  66  74
 163 152 140 138 164 166 166 168 166 166 166 161  89  68  68  70
 164 157 138  93  81  94 114 160 167 169 168 168 172 172 168 171
 138 151  83  84 137 156 143 140 163 167 168 172 170 170 171 169
 145 136  76 110 160 131  96 123 154 166 166 169 168 170 171 170
 148 119  93 109 122  74 113 137 148 166 168 163 167 170 172 168
 147 123 111 142  97 116 155 129 111 167 169 168 167 170 172 170
 161 147 110 148 143 136 137 132 134 165 166 170 166 167 166 168
 164 164 146 137 156 160 161 156 153 163 165 166 164 165 166 168
 161 144 109 122 157 163 164 161 160 161 163 162 165 163 164 168
 163 146 120 127 158 164 166 160 162 163 164 163 168 164 163 165
 168 147 139 136 159 162 165 163 163 163 162 162 167 163 164 166
 164 141 117 121 160 164 166 165 166 166 164 165 166 167 168 164
 161 152 142 125 157 162 162 162 162 160 167 164 158 160 164 164
 161 146 117 133 161 162 163 161 162 158 162 160 112  88  89  95
 162 148 121 131 161 162 165 162 162 158 158 157  89  53  50  56
 162 148 106 142 160 159 164 165 161 162 159 154  85  58  51  51
 164 137 129 125 159 157 160 161 160 161 162 153  86  52  49  50

