 193 194 195 196 194 195 192 190 188 188 186 182 161 149 169 191
 195 198 198 195 193 197 193 189 191 190 190 187 162 147 178 189
 194 196 197 192 193 194 191 191 193 189 190 191 168 147 168 189
 190 193 192 190 192 192 187 191 189 186 189 188 168 151 165 188
 191 192 189 191 192 192 186 189 189 188 189 178 148 139 170 189
 193 189 187 189 190 189 185 187 188 191 195 182 151 154 170 190
 191 186 193 190 188 186 190 189 196 193 195 192 172 147 162 186
 191 187 190 187 186 187 188 131 107 100  97 140 195 186 185 188
 192 187 191 188 185 175 110  82 116 120 128 110 137 192 187 191
 190 187 189 191 187 130  80 146 190 192 188 183 165 168 196 191
 184 191 192 191 188 113 101 184 190 194 195 188 185 136 194 182
 166 176 172 170 188 105 119 194 187 148 156 188 148  86 171 182
  77  84  87  89 166 105 121 150 100  79 123 145 102 110 186 185
  78  74  80  83 164 104 118 170 127 149 183 172  82 148 184 183
  86  81  84  83 168 126 108 188 185 188 183 179 102 167 183 181
  84  85  81  80 164 144 139 190 189 189 184 182 145 167 191 177
 183 182 183 183 182 180 182 183 182 183 181 179 162 143 158 176
 180 180 182 182 182 181 181 181 181 181 177 178 165 147 161 178
 181 180 182 181 182 181 181 179 180 179 176 177 165 136 159 177
 181 181 182 181 180 182 181 178 178 179 177 177 159 146 156 176
 178 180 181 181 181 182 180 177 178 177 176 175 145 144 156 174
 177 178 181 179 180 181 178 180 179 176 174 179 151 142 156 174
 177 179 179 177 179 179 177 178 175 169 168 175 167 143 150 176
 178 180 177 178 179 179 167 125 105  98  95 131 170 171 174 176
 179 181 179 181 180 170 108  85 114 121 126 124 126 172 178 178
 179 179 178 179 176 130  83 137 175 176 175 176 160 161 176 177
 179 177 177 177 174 114  95 168 175 175 177 176 167 135 162 166
 156 160 157 156 168 108 107 174 170 141 144 166 142  86 140 169
  79  85  80  85 141 106 114 141 107  80 116 131 101 101 159 171
  74  75  74  79 144 116 108 160 132 140 164 160  91 139 169 172
  70  72  71  79 152 132 106 170 170 169 172 170 114 153 172 171
  72  71  73  78 147 139 135 169 171 173 174 173 150 150 167 160
 179 180 176 176 178 181 176 176 176 174 175 168 157 135 147 173
 182 182 177 181 180 177 177 176 175 175 176 174 161 135 155 171
 179 179 177 180 178 175 176 175 173 172 175 173 157 127 146 171
 173 177 176 179 175 174 173 175 171 171 174 171 156 131 144 171
 175 177 175 175 174 173 173 175 172 171 174 165 141 119 146 171
 175 177 174 174 173 173 175 172 172 173 172 167 147 127 149 167
 175 177 176 176 174 175 174 169 169 165 164 168 162 132 142 168
 179 175 177 176 174 174 163 114  93  86  82 107 158 169 172 172
 180 174 179 175 175 164  97  76 101 109 122 112 111 162 170 168
 180 176 175 173 175 121  74 132 168 171 171 170 158 144 167 166
 177 177 173 173 171 110  93 163 172 168 163 169 169 112 147 157
 149 156 149 140 158 108 103 168 164 133 119 153 136  70 126 158
  62  71  68  60 130 105 103 129  88  74  97 125  95  97 157 162
  59  60  59  61 139 107  97 150 125 140 163 162  89 138 166 165
  63  58  61  68 145 120  97 165 171 168 170 164 113 145 164 163
  60  61  59  64 141 133 127 170 169 167 166 168 143 132 159 152

 191 189 189 188 189 190 186 188 191 191 182 182 185 183 181 177
 169 178 168 165 170 170 162 185 187 196 194 171 186 184 183 191
 149 147 147 151 139 154 147 186 192 168 136  86 110 148 167 167
 161 162 168 168 148 151 172 195 137 165 185 148 102  82 102 145
 182 187 191 188 178 182 192 140 110 183 188 188 145 172 179 182
 186 190 190 189 189 195 195  97 128 188 195 156 123 183 183 184
 188 190 189 186 188 191 193 100 120 192 194 148  79 149 188 189
 188 191 193 189 189 188 196 107 116 190 190 187 100 127 185 189
 190 189 191 191 189 187 189 131  82 146 184 194 150 170 188 190
 192 193 191 187 186 185 190 188 110  80 101 119 121 118 108 139
 195 197 194 192 192 189 186 187 175 130 113 105 105 104 126 144
 194 193 193 192 192 190 188 186 185 187 188 188 166 164 168 164
 196 195 192 190 191 189 190 187 188 191 191 170  89  83  83  80
 195 198 197 192 189 187 193 190 191 189 192 172  87  80  84  81
 194 198 196 193 192 189 186 187 187 187 191 176  84  74  81  85
 193 195 194 190 191 193 191 191 192 190 184 166  77  78  86  84
 176 178 177 176 174 174 176 176 178 177 166 169 171 172 171 160
 158 161 159 156 156 156 150 174 178 176 162 140 159 169 172 167
 143 147 136 146 144 142 143 171 172 161 135  86 101 139 153 150
 162 165 165 159 145 151 167 170 126 160 167 142 101  91 114 150
 179 178 177 177 175 179 175 131 124 176 176 166 131 160 170 173
 181 177 176 177 176 174 168  95 126 175 177 144 116 164 172 174
 183 181 179 179 177 176 169  98 121 176 175 141  80 140 169 173
 182 181 180 178 178 179 175 105 114 175 175 170 107 132 170 171
 183 181 179 178 177 180 178 125  85 137 168 174 141 160 170 169
 182 181 181 181 180 178 177 167 108  83  95 107 114 108 106 135
 180 181 181 182 182 181 179 179 170 130 114 108 106 116 132 139
 182 182 182 180 181 180 179 179 180 176 174 168 141 144 152 147
 183 182 181 181 181 179 177 178 181 179 177 156  85  79  79  78
 183 182 182 182 181 181 179 177 179 178 177 157  80  74  71  73
 182 180 180 181 180 178 179 180 181 179 177 160  85  75  72  71
 183 180 181 181 178 177 177 178 179 179 179 156  79  74  70  72
 173 171 171 171 171 167 168 172 168 166 157 158 162 165 163 152
 147 155 146 144 146 149 142 172 170 167 147 126 157 166 164 159
 135 135 127 131 119 127 132 169 162 144 112  70  97 138 145 132
 157 161 157 156 141 147 162 158 111 158 169 136  95  89 113 143
 168 174 173 171 165 167 168 107 112 170 169 153 125 162 164 168
 175 176 175 174 174 172 164  82 122 171 163 119  97 163 170 166
 174 175 172 171 171 173 165  86 109 171 168 133  74 140 168 167
 176 175 173 171 172 172 169  93 101 168 172 164  88 125 171 169
 176 176 175 175 175 172 169 114  76 132 163 168 129 150 165 170
 176 177 176 173 173 175 174 163  97  74  93 103 103  97  97 127
 181 177 175 174 173 173 175 174 164 121 110 108 105 107 120 133
 178 180 178 175 174 173 174 174 175 175 171 158 130 139 145 141
 176 181 180 179 175 174 176 176 175 173 173 140  60  61  68  64
 176 177 177 176 175 174 176 177 179 175 173 149  68  59  61  59
 180 182 179 177 177 177 177 175 174 176 177 156  71  60  58  61
 179 182 179 173 175 175 175 179 180 180 177 149  62  59  63  60

 177 191 167 145 182 184 189 189 190 139 144 164  80  81  85  84
 181 183 167 102 179 183 188 185 188 108 126 168  83  84  81  86
 183 184 148  82 172 183 149 127 170 118 104 164  83  80  74  78
 185 186 110 102 145 123  79 100 150 121 105 166  89  87  84  77
 182 171  86 148 188 156 148 187 194 119 105 188 170 172 176 166
 182 194 136 185 188 195 194 190 184 101 113 188 191 192 191 184
 191 196 168 165 183 188 192 190 146  80 130 187 191 189 187 190
 191 187 192 137 110 128 120 116  82 110 175 185 188 191 187 192
 188 185 186 195 140  97 100 107 131 188 187 186 187 190 187 191
 186 162 147 172 192 195 193 196 189 190 186 188 190 193 186 191
 190 170 154 151 182 195 191 188 187 185 189 190 189 187 189 193
 189 170 139 148 178 189 188 189 189 186 192 192 191 189 192 191
 188 165 151 168 188 189 186 189 191 187 192 192 190 192 193 190
 189 168 147 168 191 190 189 193 191 191 194 193 192 197 196 194
 189 178 147 162 187 190 190 191 189 193 197 193 195 198 198 195
 191 169 149 161 182 186 188 188 190 192 195 194 196 195 194 193
 160 167 150 150 173 174 173 171 169 135 139 147  78  73  71  72
 171 172 153 114 170 172 169 170 170 106 132 152  79  71  72  70
 172 169 139  91 160 164 140 132 160 108 116 144  79  74  75  74
 171 159 101 101 131 116  80 107 141 114 106 141  85  80  85  79
 169 140  86 142 166 144 141 170 174 107 108 168 156 157 160 156
 166 162 135 167 176 177 175 175 168  95 114 174 177 177 177 179
 177 176 161 160 176 175 176 175 137  83 130 176 179 178 179 179
 178 178 172 126 124 126 121 114  85 108 170 180 181 179 181 179
 176 174 171 170 131  95  98 105 125 167 179 179 178 177 180 178
 176 150 143 167 175 168 169 175 178 177 179 179 177 179 179 177
 174 156 142 151 179 174 176 179 180 178 181 180 179 181 178 177
 174 156 144 145 175 176 177 178 177 180 182 181 181 181 180 178
 176 156 146 159 177 177 179 178 178 181 182 180 181 182 181 181
 177 159 136 165 177 176 179 180 179 181 181 182 181 182 180 181
 178 161 147 165 178 177 181 181 181 181 181 182 182 182 180 180
 176 158 143 162 179 181 183 182 183 182 180 182 183 183 182 183
 152 159 132 143 168 166 167 169 170 127 133 141  64  59  61  60
 163 164 145 113 164 170 168 171 165  97 120 145  68  61  58  63
 165 166 138  89 162 163 140 125 150  97 107 139  61  59  60  59
 162 157  97  95 125  97  74  88 129 103 105 130  60  68  71  62
 158 126  70 136 153 119 133 164 168 103 108 158 140 149 156 149
 157 147 112 169 169 163 168 172 163  93 110 171 173 173 177 177
 166 167 144 158 170 171 171 168 132  74 121 175 173 175 176 180
 168 170 162 111 112 122 109 101  76  97 164 175 175 179 174 180
 172 172 169 158 107  82  86  93 114 163 174 174 176 177 175 179
 168 142 132 162 168 164 165 169 169 174 175 174 176 176 177 175
 167 149 127 147 167 172 173 172 172 175 173 173 174 174 177 175
 171 146 119 141 165 174 171 172 175 173 173 174 175 175 177 175
 171 144 131 156 171 174 171 171 175 173 174 175 179 176 177 173
 171 146 127 157 173 175 172 173 175 176 175 178 180 177 179 179
 171 155 135 161 174 176 175 175 176 177 177 180 181 177 182 182
 173 147 135 157 168 175 174 176 176 176 181 178 176 176 180 179

  84  86  78  77 166 184 190 192 191 191 193 191 190 194 195 193
  85  81  74  84 176 191 187 187 187 186 189 192 193 196 198 194
  81  84  80  87 172 192 189 191 190 193 187 189 192 197 198 195
  80  83  83  89 170 191 191 188 187 190 189 191 190 192 195 196
 164 168 164 166 188 188 187 185 186 188 190 192 192 193 193 194
 144 126 104 105 105 113 130 175 187 186 189 192 192 194 197 195
 139 108 118 121 119 101  80 110 188 190 185 186 187 191 193 192
 190 188 170 150 194 184 146  82 131 189 187 189 191 191 189 190
 189 185 127 100 187 190 190 116 107 196 188 189 189 193 191 188
 189 188 149  79 148 194 192 120 100 193 191 188 186 189 190 188
 184 183 183 123 156 195 188 128  97 195 195 189 189 190 190 186
 182 179 172 145 188 188 183 110 140 192 182 178 188 191 187 182
 145 102  82 102 148 185 165 137 195 172 151 148 168 168 162 161
 167 167 148 110  86 136 168 192 186 147 154 139 151 147 147 149
 191 183 184 186 171 194 196 187 185 162 170 170 165 168 178 169
 177 181 183 185 182 182 191 191 188 186 190 189 188 189 189 191
  72  70  74  79 156 179 179 179 178 177 177 178 181 181 180 183
  71  72  75  85 160 177 179 181 180 179 178 180 181 180 180 182
  73  71  74  80 157 177 178 179 177 179 181 181 182 182 182 183
  78  79  79  85 156 177 179 181 178 177 179 181 181 181 182 183
 147 152 144 141 168 174 176 180 179 179 180 181 180 182 182 182
 139 132 116 106 108 114 130 170 179 179 181 182 182 181 181 180
 135 106 108 114 107  95  83 108 167 177 178 180 181 181 181 182
 169 170 160 141 174 168 137  85 125 178 180 177 178 179 181 183
 171 170 132 107 170 175 175 114 105 175 179 178 178 180 181 182
 173 169 140  80 141 175 176 121  98 169 176 177 179 179 181 183
 174 172 164 116 144 177 175 126  95 168 174 176 177 176 177 181
 173 170 160 131 166 176 176 124 131 175 179 175 177 177 178 179
 150 114  91 101 142 167 160 126 170 167 151 145 159 165 165 162
 150 153 139 101  86 135 161 172 171 143 142 144 146 136 147 143
 167 172 169 159 140 162 176 178 174 150 156 156 156 159 161 158
 160 171 172 171 169 166 177 178 176 176 174 174 176 177 178 176
  60  63  59  62 149 177 180 180 179 175 175 175 173 179 182 179
  61  58  60  71 156 177 176 174 175 177 177 177 177 179 182 180
  59  61  59  68 149 173 175 179 177 176 174 175 176 177 177 176
  64  68  61  60 140 173 173 175 176 176 174 175 179 180 181 176
 141 145 139 130 158 171 175 175 174 174 173 174 175 178 180 178
 133 120 107 105 108 110 121 164 174 175 173 173 174 175 177 181
 127  97  97 103 103  93  74  97 163 174 175 173 173 176 177 176
 170 165 150 129 168 163 132  76 114 169 172 175 175 175 176 176
 169 171 125  88 164 172 168 101  93 169 172 172 171 173 175 176
 167 168 140  74 133 168 171 109  86 165 173 171 171 172 175 174
 166 170 163  97 119 163 171 122  82 164 172 174 174 175 176 175
 168 164 162 125 153 169 170 112 107 168 167 165 171 173 174 168
 143 113  89  95 136 169 158 111 158 162 147 141 156 157 161 157
 132 145 138  97  70 112 144 162 169 132 127 119 131 127 135 135
 159 164 166 157 126 147 167 170 172 142 149 146 144 146 155 147
 152 163 165 162 158 157 166 168 172 168 167 171 171 171 171 173

