 157 155 152 153 123  59  55  54  54  53 109 144 131 132 110 137
 158 151 153 155 116  58  56  59  56  53 125 116  87  91  98 137
 157 150 150 150 116  55  54  56  56  56 123 132 133 157 151 163
 155 151 150 149 103  56  55  58  57  59 116 132  94  94  74 149
 156 153 152 156 144 134 136 130 134 137 144 107 124 129 120 152
 155 154 156 156 153 149 154 155 154 150 152 143 125 124 115 158
 160 158 159 158 153 151 155 160 154 150 153 120 100 106 100 155
 160 162 157 159 159 155 158 159 158 153 155 148 137 157 147 161
 158 160 159 160 157 156 159 160 159 154 156 111 112 138 125 140
 158 157 159 159 156 159 156 157 160 154 153 146 107  97  84 144
 157 159 159 160 155 157 161 157 159 157 144 114  78 108 159 158
 156 156 160 160 157 156 163 161 154 138  70 101 120 105 148 167
 159 158 159 163 161 157 159 161 157 114 105 164 161 153 124 155
 157 160 160 160 160 163 158 160 159  98 126 116 108 130  71 135
 156 161 161 159 162 160 158 159 161 105 115 109 137 120  89 156
 158 165 159 164 160 162 162 161 162 113 128 157 160 134 132 151
 146 145 142 142 119  61  61  61  58  58 101 133 124 121 108 128
 145 146 144 144 113  62  57  59  60  60 115 120  94  93 106 132
 146 145 147 147 120  60  56  59  61  60 114 131 126 143 137 137
 146 144 143 146 118  70  63  62  63  65 112 127 102 102  88 134
 145 146 144 146 143 138 137 130 135 142 141 116 121 133 127 141
 145 145 146 147 151 152 151 146 146 147 145 134 111 115 114 140
 147 147 147 150 154 153 149 146 150 148 145 118  95 112 110 139
 149 147 149 151 150 151 148 145 148 150 147 136 119 142 140 145
 148 148 150 151 151 150 147 147 149 151 150 120 106 126 117 131
 151 148 150 150 150 152 153 150 151 149 150 140 109  96  92 140
 149 151 152 149 147 151 152 151 152 148 136 101  88 107 139 147
 151 152 150 151 151 154 155 153 154 136  83 104 126 109 122 147
 154 153 152 154 152 155 157 156 155 113 107 145 151 147 123 138
 153 152 152 155 152 153 156 155 152  97 111 115 104 122  84 133
 152 152 153 154 152 154 155 153 151 108 108 120 131 127  99 151
 154 151 155 153 153 154 155 152 152 122 125 154 151 140 122 148
 135 134 138 134 115  55  40  37  42  45  93 122 100 108  91 118
 138 135 138 134 105  55  43  40  38  43 108 101  76  85  99 127
 144 140 140 138 110  53  47  48  43  53 105 128 121 122 129 136
 139 139 144 135 111  65  59  57  58  55 102 115  78  68  62 115
 141 141 142 139 140 132 132 127 133 130 133 112 115 119 113 125
 141 142 142 140 139 135 132 137 137 137 137 133  98  98  92 120
 139 143 143 139 139 140 139 139 131 139 139 109  86 109  98 130
 140 148 144 139 142 142 147 146 138 141 141 133 101 130 126 135
 142 147 143 140 138 138 146 147 144 141 138 111  95 111 101 109
 142 147 149 143 141 143 144 146 143 140 140 136 100  83  80 129
 143 144 147 147 147 148 145 146 144 147 121  91  78 103 136 140
 146 145 148 150 151 148 145 145 146 125  76 102 119 109 113 139
 149 146 148 147 152 149 144 145 147 106 105 142 137 147 106 126
 146 152 151 146 150 149 145 145 146  98 107  94  75 100  68 124
 147 153 151 149 153 146 146 145 146 111 109 108 128 122  92 144
 149 154 149 150 148 147 145 147 145 125 126 148 150 138 115 133

 137 137 163 149 152 158 155 161 140 144 158 167 155 135 156 151
 110  98 151  74 120 115 100 147 125  84 159 148 124  71  89 132
 132  91 157  94 129 124 106 157 138  97 108 105 153 130 120 134
 131  87 133  94 124 125 100 137 112 107  78 120 161 108 137 160
 144 116 132 132 107 143 120 148 111 146 114 101 164 116 109 157
 109 125 123 116 144 152 153 155 156 153 144  70 105 126 115 128
  53  53  56  59 137 150 150 153 154 154 157 138 114  98 105 113
  54  56  56  57 134 154 154 158 159 160 159 154 157 159 161 162
  54  59  56  58 130 155 160 159 160 157 157 161 161 160 159 161
  55  56  54  55 136 154 155 158 159 156 161 163 159 158 158 162
  59  58  55  56 134 149 151 155 156 159 157 156 157 163 160 162
 123 116 116 103 144 153 153 159 157 156 155 157 161 160 162 160
 153 155 150 149 156 156 158 159 160 159 160 160 163 160 159 164
 152 153 150 150 152 156 159 157 159 159 159 160 159 160 161 159
 155 151 150 151 153 154 158 162 160 157 159 156 158 160 161 165
 157 158 157 155 156 155 160 160 158 158 157 156 159 157 156 158
 128 132 137 134 141 140 139 145 131 140 147 147 138 133 151 148
 108 106 137  88 127 114 110 140 117  92 139 122 123  84  99 122
 121  93 143 102 133 115 112 142 126  96 107 109 147 122 127 140
 124  94 126 102 121 111  95 119 106 109  88 126 151 104 131 151
 133 120 131 127 116 134 118 136 120 140 101 104 145 115 120 154
 101 115 114 112 141 145 145 147 150 150 136  83 107 111 108 125
  58  60  60  65 142 147 148 150 151 149 148 136 113  97 108 122
  58  60  61  63 135 146 150 148 149 151 152 154 155 152 151 152
  61  59  59  62 130 146 146 145 147 150 151 153 156 155 153 152
  61  57  56  63 137 151 149 148 147 153 152 155 157 156 155 155
  61  62  60  70 138 152 153 151 150 152 151 154 155 153 154 154
 119 113 120 118 143 151 154 150 151 150 147 151 152 152 152 153
 142 144 147 146 146 147 150 151 151 150 149 151 154 155 154 153
 142 144 147 143 144 146 147 149 150 150 152 150 152 152 153 155
 145 146 145 144 146 145 147 147 148 148 151 152 153 152 152 151
 146 145 146 146 145 145 147 149 148 151 149 151 154 153 152 154
 118 127 136 115 125 120 130 135 109 129 140 139 126 124 144 133
  91  99 129  62 113  92  98 126 101  80 136 113 106  68  92 115
 108  85 122  68 119  98 109 130 111  83 103 109 147 100 122 138
 100  76 121  78 115  98  86 101  95 100  78 119 137  75 128 150
 122 101 128 115 112 133 109 133 111 136  91 102 142  94 108 148
  93 108 105 102 133 137 139 141 138 140 121  76 105 107 109 126
  45  43  53  55 130 137 139 141 141 140 147 125 106  98 111 125
  42  38  43  58 133 137 131 138 144 143 144 146 147 146 146 145
  37  40  48  57 127 137 139 146 147 146 146 145 145 145 145 147
  40  43  47  59 132 132 139 147 146 144 145 145 144 145 146 145
  55  55  53  65 132 135 140 142 138 143 148 148 149 149 146 147
 115 105 110 111 140 139 139 142 138 141 147 151 152 150 153 148
 134 134 138 135 139 140 139 139 140 143 147 150 147 146 149 150
 138 138 140 144 142 142 143 144 143 149 147 148 148 151 151 149
 134 135 140 139 141 142 143 148 147 147 144 145 146 152 153 154
 135 138 144 139 141 141 139 140 142 142 143 146 149 146 147 149

 151 132 134 160 157 128 113 162 161 162 162 160 164 159 165 158
 156  89 120 137 109 115 105 161 159 158 160 162 159 161 161 156
 135  71 130 108 116 126  98 159 160 158 163 160 160 160 160 157
 155 124 153 161 164 105 114 157 161 159 157 161 163 159 158 159
 167 148 105 120 101  70 138 154 161 163 156 157 160 160 156 156
 158 159 108  78 114 144 157 159 157 161 157 155 160 159 159 157
 144  84  97 107 146 153 154 160 157 156 159 156 159 159 157 158
 140 125 138 112 111 156 154 159 160 159 156 157 160 159 160 158
 161 147 157 137 148 155 153 158 159 158 155 159 159 157 162 160
 155 100 106 100 120 153 150 154 160 155 151 153 158 159 158 160
 158 115 124 125 143 152 150 154 155 154 149 153 156 156 154 155
 152 120 129 124 107 144 137 134 130 136 134 144 156 152 153 156
 149  74  94  94 132 116  59  57  58  55  56 103 149 150 151 155
 163 151 157 133 132 123  56  56  56  54  55 116 150 150 150 157
 137  98  91  87 116 125  53  56  59  56  58 116 155 153 151 158
 137 110 132 131 144 109  53  54  54  55  59 123 153 152 155 157
 148 122 140 151 154 125 122 152 152 155 154 153 153 155 151 154
 151  99 127 131 120 108 108 151 153 155 154 152 154 153 152 152
 133  84 122 104 115 111  97 152 155 156 153 152 155 152 152 153
 138 123 147 151 145 107 113 155 156 157 155 152 154 152 153 154
 147 122 109 126 104  83 136 154 153 155 154 151 151 150 152 151
 147 139 107  88 101 136 148 152 151 152 151 147 149 152 151 149
 140  92  96 109 140 150 149 151 150 153 152 150 150 150 148 151
 131 117 126 106 120 150 151 149 147 147 150 151 151 150 148 148
 145 140 142 119 136 147 150 148 145 148 151 150 151 149 147 149
 139 110 112  95 118 145 148 150 146 149 153 154 150 147 147 147
 140 114 115 111 134 145 147 146 146 151 152 151 147 146 145 145
 141 127 133 121 116 141 142 135 130 137 138 143 146 144 146 145
 134  88 102 102 127 112  65  63  62  63  70 118 146 143 144 146
 137 137 143 126 131 114  60  61  59  56  60 120 147 147 145 146
 132 106  93  94 120 115  60  60  59  57  62 113 144 144 146 145
 128 108 121 124 133 101  58  58  61  61  61 119 142 142 145 146
 133 115 138 150 148 126 125 145 147 145 147 148 150 149 154 149
 144  92 122 128 108 109 111 146 145 146 146 153 149 151 153 147
 124  68 100  75  94 107  98 146 145 145 149 150 146 151 152 146
 126 106 147 137 142 105 106 147 145 144 149 152 147 148 146 149
 139 113 109 119 102  76 125 146 145 145 148 151 150 148 145 146
 140 136 103  78  91 121 147 144 146 145 148 147 147 147 144 143
 129  80  83 100 136 140 140 143 146 144 143 141 143 149 147 142
 109 101 111  95 111 138 141 144 147 146 138 138 140 143 147 142
 135 126 130 101 133 141 141 138 146 147 142 142 139 144 148 140
 130  98 109  86 109 139 139 131 139 139 140 139 139 143 143 139
 120  92  98  98 133 137 137 137 137 132 135 139 140 142 142 141
 125 113 119 115 112 133 130 133 127 132 132 140 139 142 141 141
 115  62  68  78 115 102  55  58  57  59  65 111 135 144 139 139
 136 129 122 121 128 105  53  43  48  47  53 110 138 140 140 144
 127  99  85  76 101 108  43  38  40  43  55 105 134 138 135 138
 118  91 108 100 122  93  45  42  37  40  55 115 134 138 134 135

 158 156 157 159 156 157 158 158 160 160 155 156 155 157 158 157
 165 161 160 158 156 159 157 160 162 158 154 153 151 150 151 155
 159 161 160 159 160 159 159 159 157 159 156 152 150 150 153 152
 164 159 160 163 160 160 159 160 159 158 156 156 149 150 155 153
 160 162 160 161 157 155 156 157 159 153 153 144 103 116 116 123
 162 160 163 157 156 157 159 156 155 151 149 134  56  55  58  59
 162 158 158 159 163 161 156 159 158 155 154 136  55  54  56  55
 161 159 160 161 161 157 157 160 159 160 155 130  58  56  59  54
 162 161 159 157 154 159 160 159 158 154 154 134  57  56  56  54
 113 105  98 114 138 157 154 154 153 150 150 137  59  56  53  53
 128 115 126 105  70 144 153 156 155 153 152 144 116 123 125 109
 157 109 116 164 101 114 146 111 148 120 143 107 132 132 116 144
 160 137 108 161 120  78 107 112 137 100 125 124  94 133  87 131
 134 120 130 153 105 108  97 138 157 106 124 129  94 157  91 132
 132  89  71 124 148 159  84 125 147 100 115 120  74 151  98 110
 151 156 135 155 167 158 144 140 161 155 158 152 149 163 137 137
 154 152 153 154 151 149 151 148 149 147 145 145 146 146 145 146
 151 152 152 153 152 151 148 148 147 147 145 146 144 145 146 145
 155 153 152 152 150 152 150 150 149 147 146 144 143 147 144 142
 153 154 155 154 151 149 150 151 151 150 147 146 146 147 144 142
 153 152 152 152 151 147 150 151 150 154 151 143 118 120 113 119
 154 154 153 155 154 151 152 150 151 153 152 138  70  60  62  61
 155 155 156 157 155 152 153 147 148 149 151 137  63  56  57  61
 152 153 155 156 153 151 150 147 145 146 146 130  62  59  59  61
 152 151 152 155 154 152 151 149 148 150 146 135  63  61  60  58
 122 108  97 113 136 148 149 151 150 148 147 142  65  60  60  58
 125 108 111 107  83 136 150 150 147 145 145 141 112 114 115 101
 154 120 115 145 104 101 140 120 136 118 134 116 127 131 120 133
 151 131 104 151 126  88 109 106 119  95 111 121 102 126  94 124
 140 127 122 147 109 107  96 126 142 112 115 133 102 143  93 121
 122  99  84 123 122 139  92 117 140 110 114 127  88 137 106 108
 148 151 133 138 147 147 140 131 145 139 140 141 134 137 132 128
 149 147 146 149 146 143 142 142 140 139 141 141 139 144 138 135
 154 153 152 146 145 144 147 147 148 143 142 141 139 140 135 134
 149 151 151 148 148 147 149 143 144 143 142 142 144 140 138 138
 150 149 146 147 150 147 143 140 139 139 140 139 135 138 134 134
 148 153 150 152 151 147 141 138 142 139 139 140 111 110 105 115
 147 146 149 149 148 148 143 138 142 140 135 132  65  53  55  55
 145 146 145 144 145 145 144 146 147 139 132 132  59  47  43  40
 147 145 145 145 145 146 146 147 146 139 137 127  57  48  40  37
 145 146 146 147 146 144 143 144 138 131 137 133  58  43  38  42
 125 111  98 106 125 147 140 141 141 139 137 130  55  53  43  45
 126 109 107 105  76 121 140 138 141 139 137 133 102 105 108  93
 148 108  94 142 102  91 136 111 133 109 133 112 115 128 101 122
 150 128  75 137 119  78 100  95 101  86  98 115  78 121  76 100
 138 122 100 147 109 103  83 111 130 109  98 119  68 122  85 108
 115  92  68 106 113 136  80 101 126  98  92 113  62 129  99  91
 133 144 124 126 139 140 129 109 135 130 120 125 115 136 127 118

