 118  90 122 142 132  93  63  58  59  60  88 125 145 110 126 166
 116 169 168 166 160 157 134  94  63  59  56  58  70  90 170 168
 139 168 160 165 163 145 139 136  82  91  75  72  84 128 174 168
 114 157 157 156 154 110 121  67 116 163 155 150 137 116 169 168
 121 104 135 130 100 127 107  57  88 152 149 105  66  67 131 173
 160 136 107 109 139 157 106  59  61  81 110  80  60  57  91 174
 165 159 160 160 155 157 133  64  56  55  57  90  74  56 108 172
 161 158 163 158 157 158 154 110  63  52  57 110 134  99 174 171
 163 157 159 161 164 163 159 157 137  69  56 111 165 123 169 170
 163 161 157 146 131 138 141 151 156 125  61 135 156 112 170 173
 156 143  97  62  59  52  58  75 129 112  91 167 147  91 172 178
 141  76  87  92  88  64  56  54  68 108 159 155 142  82 176 174
  99 145 161 164 163 155 106  70 125 165 159 154 149  78 169 176
 124 166 163 163 159 161 160 149 156 133 150 165 157 153 170 173
 117 153 159 165 162 159 161 157 138  94 163 162 161 163 175 173
 123  97 150 157 154 149 151 133  95 158 158 157 161 164 167 170
 129  99 117 127 119  94  72  64  65  66  83 116 134 112 115 145
 102 138 145 144 144 145 129  92  64  59  59  62  73  86 137 148
 115 149 149 148 147 141 133 129  78  89  82  75  84 107 150 151
 107 140 146 146 143 109 115  78  94 138 138 137 131 109 144 154
 122 103 117 123 104 107 108  62  76 133 140 111  75  66 112 151
 147 131 107 108 128 141 106  62  62  82 107  86  66  60  72 144
 145 146 145 146 153 147 129  65  57  59  61  92  74  61  94 149
 147 148 147 148 149 148 142 112  68  58  58  84 120  83 143 151
 145 147 147 145 146 147 145 142 128  76  58  88 142 113 151 151
 146 144 144 142 131 129 126 139 141 122  60 103 135  99 145 151
 147 140 103  68  63  59  59  76 112 116  88 134 139  88 148 151
 134  91  83  86  89  67  57  58  68  92 132 142 141  78 145 151
 103 122 139 142 141 133 100  68 100 137 139 138 143  78 143 151
 106 143 144 142 143 143 143 133 144 127 127 140 145 139 150 154
 105 139 143 142 144 143 140 143 138  93 135 140 144 147 149 155
 120  92 132 140 141 143 144 132  93 123 140 139 143 147 151 156
 126  93 111 128 123  92  59  46  42  43  65 109 132 106  86 138
  87 123 139 141 142 138 128  90  52  46  44  50  63  66 120 138
 104 134 138 142 140 133 119 126  70  85  77  70  67  80 131 143
  95 133 141 141 138 106 114  73  72 122 126 126 125  95 135 146
 113  93 112 118  96 100 105  51  56 116 129 109  70  55  96 140
 138 126 105  99 112 138 104  45  42  64 102  71  49  44  52 133
 139 142 145 139 137 140 128  61  47  44  44  77  70  42  66 131
 139 139 141 140 137 136 137 108  59  43  39  68 115  71 130 145
 142 141 137 136 136 131 136 135 127  66  43  64 122  78 134 145
 135 140 141 128 113 112 118 127 132 120  44  81 133  77 130 140
 133 134 104  60  46  47  51  55  96 103  61 118 135  78 130 142
 132  83  73  80  82  61  45  39  44  68 115 131 138  66 129 144
  94 101 127 136 137 134  94  47  73 123 135 137 135  64 129 144
  74 121 135 139 139 137 132 113 127 115 115 131 135 124 134 144
  88 126 136 138 135 138 138 134 135  83 122 135 137 139 143 144
 115  84 120 129 134 135 130 124  81 105 130 137 139 139 148 145

 166 168 168 168 173 174 172 171 170 173 178 174 176 173 173 170
 126 170 174 169 131  91 108 174 169 170 172 176 169 170 175 167
 110  90 128 116  67  57  56  99 123 112  91  82  78 153 163 164
 145  70  84 137  66  60  74 134 165 156 147 142 149 157 161 161
 125  58  72 150 105  80  90 110 111 135 167 155 154 165 162 157
  88  56  75 155 149 110  57  57  56  61  91 159 159 150 163 158
  60  59  91 163 152  81  55  52  69 125 112 108 165 133  94 158
  59  63  82 116  88  61  56  63 137 156 129  68 125 156 138  95
  58  94 136  67  57  59  64 110 157 151  75  54  70 149 157 133
  63 134 139 121 107 106 133 154 159 141  58  56 106 160 161 151
  93 157 145 110 127 157 157 158 163 138  52  64 155 161 159 149
 132 160 163 154 100 139 155 157 164 131  59  88 163 159 162 154
 142 166 165 156 130 109 160 158 161 146  62  92 164 163 165 157
 122 168 160 157 135 107 160 163 159 157  97  87 161 163 159 150
  90 169 168 157 104 136 159 158 157 161 143  76 145 166 153  97
 118 116 139 114 121 160 165 161 163 163 156 141  99 124 117 123
 145 148 151 154 151 144 149 151 151 151 151 151 151 154 155 156
 115 137 150 144 112  72  94 143 151 145 148 145 143 150 149 151
 112  86 107 109  66  60  61  83 113  99  88  78  78 139 147 147
 134  73  84 131  75  66  74 120 142 135 139 141 143 145 144 143
 116  62  75 137 111  86  92  84  88 103 134 142 138 140 140 139
  83  59  82 138 140 107  61  58  58  60  88 132 139 127 135 140
  66  59  89 138 133  82  59  58  76 122 116  92 137 127  93 123
  65  64  78  94  76  62  57  68 128 141 112  68 100 144 138  93
  64  92 129  78  62  62  65 112 142 139  76  58  68 133 143 132
  72 129 133 115 108 106 129 142 145 126  59  57 100 143 140 144
  94 145 141 109 107 141 147 148 147 129  59  67 133 143 143 143
 119 144 147 143 104 128 153 149 146 131  63  89 141 143 144 141
 127 144 148 146 123 108 146 148 145 142  68  86 142 142 142 140
 117 145 149 146 117 107 145 147 147 144 103  83 139 144 143 132
  99 138 149 140 103 131 146 148 147 144 140  91 122 143 139  92
 129 102 115 107 122 147 145 147 145 146 147 134 103 106 105 120
 138 138 143 146 140 133 131 145 145 140 142 144 144 144 144 145
  86 120 131 135  96  52  66 130 134 130 130 129 129 134 143 148
 106  66  80  95  55  44  42  71  78  77  78  66  64 124 139 139
 132  63  67 125  70  49  70 115 122 133 135 138 135 135 137 139
 109  50  70 126 109  71  77  68  64  81 118 131 137 131 135 137
  65  44  77 126 129 102  44  39  43  44  61 115 135 115 122 130
  43  46  85 122 116  64  44  43  66 120 103  68 123 115  83 105
  42  52  70  72  56  42  47  59 127 132  96  44  73 127 135  81
  46  90 126  73  51  45  61 108 135 127  55  39  47 113 134 124
  59 128 119 114 105 104 128 137 136 118  51  45  94 132 138 130
  92 138 133 106 100 138 140 136 131 112  47  61 134 137 138 135
 123 142 140 138  96 112 137 137 136 113  46  82 137 139 135 134
 128 141 142 141 118  99 139 140 136 128  60  80 136 139 138 129
 111 139 138 141 112 105 145 141 137 141 104  73 127 135 136 120
  93 123 134 133  93 126 142 139 141 140 134  83 101 121 126  84
 126  87 104  95 113 138 139 139 142 135 133 132  94  74  88 115

 170 167 164 161 157 158 158  95 133 151 149 154 157 150  97 123
 173 175 163 161 162 163  94 138 157 161 159 162 165 159 153 117
 173 170 153 157 165 150 133 156 149 160 161 159 163 163 166 124
 176 169  78 149 154 159 165 125  70 106 155 163 164 161 145  99
 174 176  82 142 155 159 108  68  54  56  64  88  92  87  76 141
 178 172  91 147 167  91 112 129  75  58  52  59  62  97 143 156
 173 170 112 156 135  61 125 156 151 141 138 131 146 157 161 163
 170 169 123 165 111  56  69 137 157 159 163 164 161 159 157 163
 171 174  99 134 110  57  52  63 110 154 158 157 158 163 158 161
 172 108  56  74  90  57  55  56  64 133 157 155 160 160 159 165
 174  91  57  60  80 110  81  61  59 106 157 139 109 107 136 160
 173 131  67  66 105 149 152  88  57 107 127 100 130 135 104 121
 168 169 116 137 150 155 163 116  67 121 110 154 156 157 157 114
 168 174 128  84  72  75  91  82 136 139 145 163 165 160 168 139
 168 170  90  70  58  56  59  63  94 134 157 160 166 168 169 116
 166 126 110 145 125  88  60  59  58  63  93 132 142 122  90 118
 156 151 147 143 139 140 123  93 132 144 143 141 140 132  92 120
 155 149 147 144 140 135  93 138 143 140 143 144 142 143 139 105
 154 150 139 145 140 127 127 144 133 143 143 143 142 144 143 106
 151 143  78 143 138 139 137 100  68 100 133 141 142 139 122 103
 151 145  78 141 142 132  92  68  58  57  67  89  86  83  91 134
 151 148  88 139 134  88 116 112  76  59  59  63  68 103 140 147
 151 145  99 135 103  60 122 141 139 126 129 131 142 144 144 146
 151 151 113 142  88  58  76 128 142 145 147 146 145 147 147 145
 151 143  83 120  84  58  58  68 112 142 148 149 148 147 148 147
 149  94  61  74  92  61  59  57  65 129 147 153 146 145 146 145
 144  72  60  66  86 107  82  62  62 106 141 128 108 107 131 147
 151 112  66  75 111 140 133  76  62 108 107 104 123 117 103 122
 154 144 109 131 137 138 138  94  78 115 109 143 146 146 140 107
 151 150 107  84  75  82  89  78 129 133 141 147 148 149 149 115
 148 137  86  73  62  59  59  64  92 129 145 144 144 145 138 102
 145 115 112 134 116  83  66  65  64  72  94 119 127 117  99 129
 145 148 139 139 137 130 105  81 124 130 135 134 129 120  84 115
 144 143 139 137 135 122  83 135 134 138 138 135 138 136 126  88
 144 134 124 135 131 115 115 127 113 132 137 139 139 135 121  74
 144 129  64 135 137 135 123  73  47  94 134 137 136 127 101  94
 144 129  66 138 131 115  68  44  39  45  61  82  80  73  83 132
 142 130  78 135 118  61 103  96  55  51  47  46  60 104 134 133
 140 130  77 133  81  44 120 132 127 118 112 113 128 141 140 135
 145 134  78 122  64  43  66 127 135 136 131 136 136 137 141 142
 145 130  71 115  68  39  43  59 108 137 136 137 140 141 139 139
 131  66  42  70  77  44  44  47  61 128 140 137 139 145 142 139
 133  52  44  49  71 102  64  42  45 104 138 112  99 105 126 138
 140  96  55  70 109 129 116  56  51 105 100  96 118 112  93 113
 146 135  95 125 126 126 122  72  73 114 106 138 141 141 133  95
 143 131  80  67  70  77  85  70 126 119 133 140 142 138 134 104
 138 120  66  63  50  44  46  52  90 128 138 142 141 139 123  87
 138  86 106 132 109  65  43  42  46  59  92 123 128 111  93 126

 123 117 124  99 141 156 163 163 161 165 160 121 114 139 116 118
  97 153 166 145  76 143 161 157 158 159 136 104 157 168 169  90
 150 159 163 161  87  97 157 159 163 160 107 135 157 160 168 122
 157 165 163 164  92  62 146 161 158 160 109 130 156 165 166 142
 154 162 159 163  88  59 131 164 157 155 139 100 154 163 160 132
 149 159 161 155  64  52 138 163 158 157 157 127 110 145 157  93
 151 161 160 106  56  58 141 159 154 133 106 107 121 139 134  63
 133 157 149  70  54  75 151 157 110  64  59  57  67 136  94  58
  95 138 156 125  68 129 156 137  63  56  61  88 116  82  63  59
 158  94 133 165 108 112 125  69  52  55  81 152 163  91  59  60
 158 163 150 159 159  91  61  56  57  57 110 149 155  75  56  88
 157 162 165 154 155 167 135 111 110  90  80 105 150  72  58 125
 161 161 157 149 142 147 156 165 134  74  60  66 137  84  70 145
 164 163 153  78  82  91 112 123  99  56  57  67 116 128  90 110
 167 175 170 169 176 172 170 169 174 108  91 131 169 174 170 126
 170 173 173 176 174 178 173 170 171 172 174 173 168 168 168 166
 120 105 106 103 134 147 146 145 147 145 147 122 107 115 102 129
  92 139 143 122  91 140 144 147 148 146 131 103 140 149 138  99
 132 143 144 139  83 103 144 147 147 145 107 117 146 149 145 117
 140 142 142 142  86  68 142 145 148 146 108 123 146 148 144 127
 141 144 143 141  89  63 131 146 149 153 128 104 143 147 144 119
 143 143 143 133  67  59 129 147 148 147 141 107 109 141 145  94
 144 140 143 100  57  59 126 145 142 129 106 108 115 133 129  72
 132 143 133  68  58  76 139 142 112  65  62  62  78 129  92  64
  93 138 144 100  68 112 141 128  68  57  62  76  94  78  64  65
 123  93 127 137  92 116 122  76  58  59  82 133 138  89  59  66
 140 135 127 139 132  88  60  58  58  61 107 140 138  82  59  83
 139 140 140 138 142 134 103  88  84  92  86 111 137  75  62 116
 143 144 145 143 141 139 135 142 120  74  66  75 131  84  73 134
 147 147 139  78  78  88  99 113  83  61  60  66 109 107  86 112
 151 149 150 143 145 148 145 151 143  94  72 112 144 150 137 115
 156 155 154 151 151 151 151 151 151 149 144 151 154 151 148 145
 115  88  74  94 132 133 135 142 139 139 138 113  95 104  87 126
  84 126 121 101  83 134 140 141 139 142 126  93 133 134 123  93
 120 136 135 127  73 104 141 137 141 145 105 112 141 138 139 111
 129 138 139 136  80  60 128 136 140 139  99 118 141 142 141 128
 134 135 139 137  82  46 113 136 137 137 112  96 138 140 142 123
 135 138 137 134  61  47 112 131 136 140 138 100 106 133 138  92
 130 138 132  94  45  51 118 136 137 128 104 105 114 119 128  59
 124 134 113  47  39  55 127 135 108  61  45  51  73 126  90  46
  81 135 127  73  44  96 132 127  59  47  42  56  72  70  52  42
 105  83 115 123  68 103 120  66  43  44  64 116 122  85  46  43
 130 122 115 135 115  61  44  43  39  44 102 129 126  77  44  65
 137 135 131 137 131 118  81  64  68  77  71 109 126  70  50 109
 139 137 135 135 138 135 133 122 115  70  49  70 125  67  63 132
 139 139 124  64  66  78  77  78  71  42  44  55  95  80  66 106
 148 143 134 129 129 130 130 134 130  66  52  96 135 131 120  86
 145 144 144 144 144 142 140 145 145 131 133 140 146 143 138 138

