 177 172 171 172 139 138 169 158 122 145 172 138 121 161 166 150
 176 171 174 170 136 146 173 161 125 149 179 146 118 161 165 127
 177 174 177 173 135 135 175 159 130 155 176 144 126 169 168 125
 172 173 175 171 130 137 175 165 128 153 173 145 125 163 173 123
 171 173 175 179 132 135 173 164 131 157 177 146 124 168 170 124
 173 177 175 173 131 137 171 165 131 150 173 144 122 167 169 130
 177 176 171 164 130 136 175 166 129 158 172 142 127 168 170 138
 178 172 169 165 133 143 170 166 130 155 169 145 125 165 170 130
 176 170 174 167 133 135 172 166 127 153 176 150 123 160 171 132
 176 146 161 170 150 157 175 163 126 151 179 153 123 165 171 132
 147  97 122 152 151 157 173 161 128 149 176 149 130 169 172 133
 142 150 111 114 159 178 171 164 131 148 175 146 128 166 176 134
 135 122  79 136 134 156 154 160 134 149 175 152 124 173 170 133
 139 105 138 170  87 133 164 134 133 147 179 154 126 171 170 135
 163 150 177 167  90 164 175 127 134 149 181 151 130 168 171 136
 178 142 174 177 102 172 173 133 134 155 177 151 131 171 171 138
 162 166 163 158 132 130 157 152 127 138 156 141 123 142 152 143
 163 165 163 162 133 130 155 154 128 138 151 140 118 141 154 128
 163 166 163 162 132 130 157 152 130 142 153 140 124 141 153 127
 166 168 163 163 133 133 157 154 126 138 155 143 118 144 153 127
 168 167 163 162 135 132 159 153 126 142 155 141 120 148 153 127
 168 166 164 164 135 136 162 154 127 140 159 143 122 150 153 127
 169 167 166 163 136 133 162 156 126 140 162 143 126 151 154 127
 170 168 166 162 134 138 165 157 126 139 158 143 124 153 156 131
 168 165 164 161 136 136 163 157 125 142 162 144 127 149 157 130
 161 144 147 158 144 147 161 155 128 143 159 142 128 153 158 132
 137 110 123 148 144 149 163 156 131 144 160 145 122 155 156 131
 133 141 110 118 148 160 163 157 129 142 162 146 123 155 157 136
 130 114  91 135 136 147 150 148 127 142 165 147 128 153 159 132
 139 116 138 157 101 132 160 134 127 143 164 146 130 152 158 132
 164 150 166 162 109 154 164 133 123 143 161 149 127 155 162 134
 167 146 165 165 126 156 161 137 125 145 163 150 128 154 161 137
 159 152 155 153 124 126 148 138 110 131 145 124 111 136 141 127
 158 156 156 152 121 130 154 139 112 128 148 129 110 138 140 121
 161 155 155 153 126 127 152 143 117 130 146 129 112 142 141 115
 161 155 158 153 127 127 149 144 116 129 149 133 111 138 144 115
 160 156 157 151 125 121 151 146 119 130 152 132 112 141 146 116
 159 160 158 151 120 125 151 144 117 130 148 135 111 141 144 120
 159 157 158 155 123 125 151 144 117 134 148 127 111 136 143 118
 160 157 159 153 125 127 152 146 114 136 152 133 107 138 143 119
 160 157 157 153 125 125 154 142 116 136 147 130 112 142 147 117
 154 127 131 147 133 141 153 142 116 132 148 135 106 139 148 120
 130 100 102 132 136 144 153 144 116 133 150 140 116 139 149 120
 131 136  91  98 137 151 149 146 119 133 149 140 117 139 150 124
 122 105  77 124 124 127 139 138 120 135 149 137 111 138 149 125
 135 111 136 150  94 124 150 120 117 133 150 136 111 140 148 125
 154 139 152 151 101 147 152 116 117 137 151 134 110 140 145 121
 160 137 155 160 122 141 151 128 121 138 148 138 115 147 153 125

 150 127 125 123 124 130 138 130 132 132 133 134 133 135 136 138
 166 165 168 173 170 169 170 170 171 171 172 176 170 170 171 171
 161 161 169 163 168 167 168 165 160 165 169 166 173 171 168 171
 121 118 126 125 124 122 127 125 123 123 130 128 124 126 130 131
 138 146 144 145 146 144 142 145 150 153 149 146 152 154 151 151
 172 179 176 173 177 173 172 169 176 179 176 175 175 179 181 177
 145 149 155 153 157 150 158 155 153 151 149 148 149 147 149 155
 122 125 130 128 131 131 129 130 127 126 128 131 134 133 134 134
 158 161 159 165 164 165 166 166 166 163 161 164 160 134 127 133
 169 173 175 175 173 171 175 170 172 175 173 171 154 164 175 173
 138 146 135 137 135 137 136 143 135 157 157 178 156 133 164 172
 139 136 135 130 132 131 130 133 133 150 151 159 134  87  90 102
 172 170 173 171 179 173 164 165 167 170 152 114 136 170 167 177
 171 174 177 175 175 175 171 169 174 161 122 111  79 138 177 174
 172 171 174 173 173 177 176 172 170 146  97 150 122 105 150 142
 177 176 177 172 171 173 177 178 176 176 147 142 135 139 163 178
 143 128 127 127 127 127 127 131 130 132 131 136 132 132 134 137
 152 154 153 153 153 153 154 156 157 158 156 157 159 158 162 161
 142 141 141 144 148 150 151 153 149 153 155 155 153 152 155 154
 123 118 124 118 120 122 126 124 127 128 122 123 128 130 127 128
 141 140 140 143 141 143 143 143 144 142 145 146 147 146 149 150
 156 151 153 155 155 159 162 158 162 159 160 162 165 164 161 163
 138 138 142 138 142 140 140 139 142 143 144 142 142 143 143 145
 127 128 130 126 126 127 126 126 125 128 131 129 127 127 123 125
 152 154 152 154 153 154 156 157 157 155 156 157 148 134 133 137
 157 155 157 157 159 162 162 165 163 161 163 163 150 160 164 161
 130 130 130 133 132 136 133 138 136 147 149 160 147 132 154 156
 132 133 132 133 135 135 136 134 136 144 144 148 136 101 109 126
 158 162 162 163 162 164 163 162 161 158 148 118 135 157 162 165
 163 163 163 163 163 164 166 166 164 147 123 110  91 138 166 165
 166 165 166 168 167 166 167 168 165 144 110 141 114 116 150 146
 162 163 163 166 168 168 169 170 168 161 137 133 130 139 164 167
 127 121 115 115 116 120 118 119 117 120 120 124 125 125 121 125
 141 140 141 144 146 144 143 143 147 148 149 150 149 148 145 153
 136 138 142 138 141 141 136 138 142 139 139 139 138 140 140 147
 111 110 112 111 112 111 111 107 112 106 116 117 111 111 110 115
 124 129 129 133 132 135 127 133 130 135 140 140 137 136 134 138
 145 148 146 149 152 148 148 152 147 148 150 149 149 150 151 148
 131 128 130 129 130 130 134 136 136 132 133 133 135 133 137 138
 110 112 117 116 119 117 117 114 116 116 116 119 120 117 117 121
 138 139 143 144 146 144 144 146 142 142 144 146 138 120 116 128
 148 154 152 149 151 151 151 152 154 153 153 149 139 150 152 151
 126 130 127 127 121 125 125 127 125 141 144 151 127 124 147 141
 124 121 126 127 125 120 123 125 125 133 136 137 124  94 101 122
 153 152 153 153 151 151 155 153 153 147 132  98 124 150 151 160
 155 156 155 158 157 158 158 159 157 131 102  91  77 136 152 155
 152 156 155 155 156 160 157 157 157 127 100 136 105 111 139 137
 159 158 161 161 160 159 159 160 160 154 130 131 122 135 154 160

 138 171 171 131 151 177 155 134 133 173 172 102 177 174 142 178
 136 171 168 130 151 181 149 134 127 175 164  90 167 177 150 163
 135 170 171 126 154 179 147 133 134 164 133  87 170 138 105 139
 133 170 173 124 152 175 149 134 160 154 156 134 136  79 122 135
 134 176 166 128 146 175 148 131 164 171 178 159 114 111 150 142
 133 172 169 130 149 176 149 128 161 173 157 151 152 122  97 147
 132 171 165 123 153 179 151 126 163 175 157 150 170 161 146 176
 132 171 160 123 150 176 153 127 166 172 135 133 167 174 170 176
 130 170 165 125 145 169 155 130 166 170 143 133 165 169 172 178
 138 170 168 127 142 172 158 129 166 175 136 130 164 171 176 177
 130 169 167 122 144 173 150 131 165 171 137 131 173 175 177 173
 124 170 168 124 146 177 157 131 164 173 135 132 179 175 173 171
 123 173 163 125 145 173 153 128 165 175 137 130 171 175 173 172
 125 168 169 126 144 176 155 130 159 175 135 135 173 177 174 177
 127 165 161 118 146 179 149 125 161 173 146 136 170 174 171 176
 150 166 161 121 138 172 145 122 158 169 138 139 172 171 172 177
 137 161 154 128 150 163 145 125 137 161 156 126 165 165 146 167
 134 162 155 127 149 161 143 123 133 164 154 109 162 166 150 164
 132 158 152 130 146 164 143 127 134 160 132 101 157 138 116 139
 132 159 153 128 147 165 142 127 148 150 147 136 135  91 114 130
 136 157 155 123 146 162 142 129 157 163 160 148 118 110 141 133
 131 156 155 122 145 160 144 131 156 163 149 144 148 123 110 137
 132 158 153 128 142 159 143 128 155 161 147 144 158 147 144 161
 130 157 149 127 144 162 142 125 157 163 136 136 161 164 165 168
 131 156 153 124 143 158 139 126 157 165 138 134 162 166 168 170
 127 154 151 126 143 162 140 126 156 162 133 136 163 166 167 169
 127 153 150 122 143 159 140 127 154 162 136 135 164 164 166 168
 127 153 148 120 141 155 142 126 153 159 132 135 162 163 167 168
 127 153 144 118 143 155 138 126 154 157 133 133 163 163 168 166
 127 153 141 124 140 153 142 130 152 157 130 132 162 163 166 163
 128 154 141 118 140 151 138 128 154 155 130 133 162 163 165 163
 143 152 142 123 141 156 138 127 152 157 130 132 158 163 166 162
 125 153 147 115 138 148 138 121 128 151 141 122 160 155 137 160
 121 145 140 110 134 151 137 117 116 152 147 101 151 152 139 154
 125 148 140 111 136 150 133 117 120 150 124  94 150 136 111 135
 125 149 138 111 137 149 135 120 138 139 127 124 124  77 105 122
 124 150 139 117 140 149 133 119 146 149 151 137  98  91 136 131
 120 149 139 116 140 150 133 116 144 153 144 136 132 102 100 130
 120 148 139 106 135 148 132 116 142 153 141 133 147 131 127 154
 117 147 142 112 130 147 136 116 142 154 125 125 153 157 157 160
 119 143 138 107 133 152 136 114 146 152 127 125 153 159 157 160
 118 143 136 111 127 148 134 117 144 151 125 123 155 158 157 159
 120 144 141 111 135 148 130 117 144 151 125 120 151 158 160 159
 116 146 141 112 132 152 130 119 146 151 121 125 151 157 156 160
 115 144 138 111 133 149 129 116 144 149 127 127 153 158 155 161
 115 141 142 112 129 146 130 117 143 152 127 126 153 155 155 161
 121 140 138 110 129 148 128 112 139 154 130 121 152 156 156 158
 127 141 136 111 124 145 131 110 138 148 126 124 153 155 152 159

 178 163 139 135 142 147 176 176 178 177 173 171 172 177 176 177
 142 150 105 122 150  97 146 170 172 176 177 173 173 174 171 172
 174 177 138  79 111 122 161 174 169 171 175 175 175 177 174 171
 177 167 170 136 114 152 170 167 165 164 173 179 171 173 170 172
 102  90  87 134 159 151 150 133 133 130 131 132 130 135 136 139
 172 164 133 156 178 157 157 135 143 136 137 135 137 135 146 138
 173 175 164 154 171 173 175 172 170 175 171 173 175 175 173 169
 133 127 134 160 164 161 163 166 166 166 165 164 165 159 161 158
 134 134 133 134 131 128 126 127 130 129 131 131 128 130 125 122
 155 149 147 149 148 149 151 153 155 158 150 157 153 155 149 145
 177 181 179 175 175 176 179 176 169 172 173 177 173 176 179 172
 151 151 154 152 146 149 153 150 145 142 144 146 145 144 146 138
 131 130 126 124 128 130 123 123 125 127 122 124 125 126 118 121
 171 168 171 173 166 169 165 160 165 168 167 168 163 169 161 161
 171 171 170 170 176 172 171 171 170 170 169 170 173 168 165 166
 138 136 135 133 134 133 132 132 130 138 130 124 123 125 127 150
 167 164 139 130 133 137 161 168 170 169 168 168 166 163 163 162
 146 150 116 114 141 110 144 165 168 167 166 167 168 166 165 166
 165 166 138  91 110 123 147 164 166 166 164 163 163 163 163 163
 165 162 157 135 118 148 158 161 162 163 164 162 163 162 162 158
 126 109 101 136 148 144 144 136 134 136 135 135 133 132 133 132
 156 154 132 147 160 149 147 136 138 133 136 132 133 130 130 130
 161 164 160 150 163 163 161 163 165 162 162 159 157 157 155 157
 137 133 134 148 157 156 155 157 157 156 154 153 154 152 154 152
 125 123 127 127 129 131 128 125 126 126 127 126 126 130 128 127
 145 143 143 142 142 144 143 142 139 140 140 142 138 142 138 138
 163 161 164 165 162 160 159 162 158 162 159 155 155 153 151 156
 150 149 146 147 146 145 142 144 143 143 143 141 143 140 140 141
 128 127 130 128 123 122 128 127 124 126 122 120 118 124 118 123
 154 155 152 153 155 155 153 149 153 151 150 148 144 141 141 142
 161 162 158 159 157 156 158 157 156 154 153 153 153 153 154 152
 137 134 132 132 136 131 132 130 131 127 127 127 127 127 128 143
 160 154 135 122 131 130 154 160 160 159 159 160 161 161 158 159
 137 139 111 105 136 100 127 157 157 157 160 156 155 155 156 152
 155 152 136  77  91 102 131 157 159 158 158 157 158 155 156 155
 160 151 150 124  98 132 147 153 153 155 151 151 153 153 152 153
 122 101  94 124 137 136 133 125 125 123 120 125 127 126 121 124
 141 147 124 127 151 144 141 125 127 125 125 121 127 127 130 126
 151 152 150 139 149 153 153 154 152 151 151 151 149 152 154 148
 128 116 120 138 146 144 142 142 146 144 144 146 144 143 139 138
 121 117 117 120 119 116 116 116 114 117 117 119 116 117 112 110
 138 137 133 135 133 133 132 136 136 134 130 130 129 130 128 131
 148 151 150 149 149 150 148 147 152 148 148 152 149 146 148 145
 138 134 136 137 140 140 135 130 133 127 135 132 133 129 129 124
 115 110 111 111 117 116 106 112 107 111 111 112 111 112 110 111
 147 140 140 138 139 139 139 142 138 136 141 141 138 142 138 136
 153 145 148 149 150 149 148 147 143 143 144 146 144 141 140 141
 125 121 125 125 124 120 120 117 119 118 120 116 115 115 121 127

