 136 162 126  94 119 138 161 165 158 160 167 169 160 166 164 161
 111 139 110 146 160 157 128 164 157 161 168 166 158 166 167 161
 122 142 130 128 145 116 110 159 159 160 166 166 161 165 164 158
 131 101 108 112  97  87 143 163 162 161 160 164 167 170 165 158
 163 161 161 136 124 142 163 161 164 164 161 164 163 169 165 159
 160 164 125  93 112 128 158 161 166 161 164 161 158 166 158 157
 162 161 100 157 166 158 127 164 165 161 162 160 163 166 157 156
 162 163 142 144 155 125  90 157 166 164 167 164 169 166 164 159
 165 167 157 128  95 101 146 164 165 166 167 168 168 167 160 159
 162 161 134  92  81 111 162 162 166 164 166 171 166 166 161 160
 135 159 126 141 153 141 135 161 174 165 167 172 173 166 163 163
  91 146 147 144 151 168 149 149 164 168 171 167 163 161 153 154
 146 165  99  81 108 142 162 159 143 165 169 165  96  83  78  79
 134 106  87 132 165 122 151 156 144 151 168 161  84  72  71  72
 141 135 160 169 168 120 141 162 137 156 171 157  83  71  73  74
 147 122 115 132 126 101 150 157 136 163 170 161  86  71  74  71
 139 149 124  95 117 135 151 150 155 156 152 153 152 153 154 155
 122 134 117 127 147 146 130 150 154 155 152 153 155 153 155 155
 125 138 121 109 137 111 107 152 154 156 152 153 155 154 156 155
 136 107 105 102 100  98 130 155 155 156 155 153 151 153 155 152
 154 154 147 130 119 133 146 153 154 154 153 154 152 152 154 152
 158 155 125  99 110 119 143 152 151 152 153 152 153 151 153 153
 158 157 116 138 149 145 121 152 152 152 153 153 153 154 153 154
 154 157 144 130 145 124  97 145 153 153 153 152 151 153 153 154
 152 155 150 127 100 101 131 149 154 154 149 150 152 152 153 152
 154 156 133  94  85 102 144 155 154 153 151 151 153 152 153 149
 134 152 128 130 134 129 124 152 149 150 151 152 151 151 149 148
  96 135 141 131 135 151 141 142 143 150 151 153 145 144 143 138
 133 141 102  81 105 130 151 146 135 145 152 151 100  78  77  74
 120 101  85 119 144 120 133 146 139 137 151 147  86  67  67  65
 130 124 135 146 145 117 125 146 131 145 153 146  82  69  69  64
 142 109 109 120 110  99 129 137 133 150 153 151  88  72  72  70
 130 136 121  90 102 121 142 149 147 144 147 144 146 147 150 148
 114 119 115 126 141 142 114 145 150 147 150 146 146 151 146 147
 123 129 118 104 125 104  99 143 147 145 149 146 145 145 141 144
 133  98 100  99  94  88 123 145 147 143 146 144 147 147 144 147
 150 148 146 121 119 125 141 148 148 145 148 146 147 149 148 148
 151 148 119  84 104 118 133 149 150 149 144 149 146 149 149 143
 149 144 108 134 149 142 110 142 147 149 143 150 148 145 147 141
 151 145 140 128 135 114  88 134 147 146 147 152 149 145 145 139
 151 148 147 122  85  89 126 146 146 146 148 152 148 144 144 143
 147 145 127  78  65  86 133 146 146 149 148 145 143 144 144 145
 115 131 122 118 124 124 119 140 144 148 148 144 143 141 141 144
  82 116 130 119 122 141 137 131 129 146 143 141 136 134 129 131
 125 135  85  71  94 118 135 138 126 133 145 138  91  67  61  59
 116  95  73 113 141 116 121 137 127 124 149 140  85  58  52  53
 129 115 126 139 144 114 118 142 118 136 143 136  75  51  49  52
 133 101 101 107  94  85 123 135 121 143 142 136  83  47  47  46

 161 161 158 158 159 157 156 159 159 160 163 154  79  72  74  71
 164 167 164 165 165 158 157 164 160 161 163 153  78  71  73  74
 166 166 165 170 169 166 166 166 167 166 166 161  83  72  71  71
 160 158 161 167 163 158 163 169 168 166 173 163  96  84  83  86
 169 166 166 164 164 161 160 164 168 171 172 167 165 161 157 161
 167 168 166 160 161 164 162 167 167 166 167 171 169 168 171 170
 160 161 160 161 164 161 161 164 166 164 165 168 165 151 156 163
 158 157 159 162 164 166 165 166 165 166 174 164 143 144 137 136
 165 164 159 163 161 161 164 157 164 162 161 149 159 156 162 157
 161 128 110 143 163 158 127  90 146 162 135 149 162 151 141 150
 138 157 116  87 142 128 158 125 101 111 141 168 142 122 120 101
 119 160 145  97 124 112 166 155  95  81 153 151 108 165 168 126
  94 146 128 112 136  93 157 144 128  92 141 144  81 132 169 132
 126 110 130 108 161 125 100 142 157 134 126 147  99  87 160 115
 162 139 142 101 161 164 161 163 167 161 159 146 165 106 135 122
 136 111 122 131 163 160 162 162 165 162 135  91 146 134 141 147
 155 155 155 152 152 153 154 154 152 149 148 138  74  65  64  70
 154 155 156 155 154 153 153 153 153 153 149 143  77  67  69  72
 153 153 154 153 152 151 154 153 152 152 151 144  78  67  69  72
 152 155 155 151 152 153 153 151 152 153 151 145 100  86  82  88
 153 153 153 153 154 152 153 152 150 151 152 153 151 147 146 151
 152 152 152 155 153 153 153 153 149 151 151 151 152 151 153 153
 156 155 156 156 154 152 152 153 154 153 150 150 145 137 145 150
 155 154 154 155 154 151 152 153 154 154 149 143 135 139 131 133
 150 150 152 155 153 152 152 145 149 155 152 142 146 146 146 137
 151 130 107 130 146 143 121  97 131 144 124 141 151 133 125 129
 135 146 111  98 133 119 145 124 101 102 129 151 130 120 117  99
 117 147 137 100 119 110 149 145 100  85 134 135 105 144 145 110
  95 127 109 102 130  99 138 130 127  94 130 131  81 119 146 120
 124 117 121 105 147 125 116 144 150 133 128 141 102  85 135 109
 149 134 138 107 154 155 157 157 155 156 152 135 141 101 124 109
 139 122 125 136 154 158 158 154 152 154 134  96 133 120 130 142
 148 147 144 147 148 143 141 139 143 145 144 131  59  53  52  46
 150 146 141 144 148 149 147 145 144 144 141 129  61  52  49  47
 147 151 145 147 149 149 145 145 144 144 141 134  67  58  51  47
 146 146 145 147 147 146 148 149 148 143 143 136  91  85  75  83
 144 146 146 144 146 149 150 152 152 145 144 141 138 140 136 136
 147 150 149 146 148 144 143 147 148 148 148 143 145 149 143 142
 144 147 145 143 145 149 149 146 146 149 148 146 133 124 136 143
 147 150 147 147 148 150 147 147 146 146 144 129 126 127 118 121
 149 145 143 145 148 149 142 134 146 146 140 131 138 137 142 135
 142 114  99 123 141 133 110  88 126 133 119 137 135 121 118 123
 121 142 104  88 125 118 142 114  89  86 124 141 118 116 114  85
 102 141 125  94 119 104 149 135  85  65 124 122  94 141 144  94
  90 126 104  99 121  84 134 128 122  78 118 119  71 113 139 107
 121 115 118 100 146 119 108 140 147 127 122 130  85  73 126 101
 136 119 129  98 148 148 144 145 148 145 131 116 135  95 115 101
 130 114 123 133 150 151 149 151 151 147 115  82 125 116 129 133

  71  74  71  86 161 170 163 136 157 150 101 126 132 115 122 147
  74  73  71  83 157 171 156 137 162 141 120 168 169 160 135 141
  72  71  72  84 161 168 151 144 156 151 122 165 132  87 106 134
  79  78  83  96 165 169 165 143 159 162 142 108  81  99 165 146
 154 153 161 163 167 171 168 164 149 149 168 151 144 147 146  91
 163 163 166 173 172 167 165 174 161 135 141 153 141 126 159 135
 160 161 166 166 171 166 164 166 162 162 111  81  92 134 161 162
 159 160 167 168 168 167 166 165 164 146 101  95 128 157 167 165
 159 164 166 169 164 167 164 166 157  90 125 155 144 142 163 162
 156 157 166 163 160 162 161 165 164 127 158 166 157 100 161 162
 157 158 166 158 161 164 161 166 161 158 128 112  93 125 164 160
 159 165 169 163 164 161 164 164 161 163 142 124 136 161 161 163
 158 165 170 167 164 160 161 162 163 143  87  97 112 108 101 131
 158 164 165 161 166 166 160 159 159 110 116 145 128 130 142 122
 161 167 166 158 166 168 161 157 164 128 157 160 146 110 139 111
 161 164 166 160 169 167 160 158 165 161 138 119  94 126 162 136
  70  72  72  88 151 153 150 133 137 129  99 110 120 109 109 142
  64  69  69  82 146 153 145 131 146 125 117 145 146 135 124 130
  65  67  67  86 147 151 137 139 146 133 120 144 119  85 101 120
  74  77  78 100 151 152 145 135 146 151 130 105  81 102 141 133
 138 143 144 145 153 151 150 143 142 141 151 135 131 141 135  96
 148 149 151 151 152 151 150 149 152 124 129 134 130 128 152 134
 149 153 152 153 151 151 153 154 155 144 102  85  94 133 156 154
 152 153 152 152 150 149 154 154 149 131 101 100 127 150 155 152
 154 153 153 151 152 153 153 153 145  97 124 145 130 144 157 154
 154 153 154 153 153 153 152 152 152 121 145 149 138 116 157 158
 153 153 151 153 152 153 152 151 152 143 119 110  99 125 155 158
 152 154 152 152 154 153 154 154 153 146 133 119 130 147 154 154
 152 155 153 151 153 155 156 155 155 130  98 100 102 105 107 136
 155 156 154 155 153 152 156 154 152 107 111 137 109 121 138 125
 155 155 153 155 153 152 155 154 150 130 146 147 127 117 134 122
 155 154 153 152 153 152 156 155 150 151 135 117  95 124 149 139
  46  47  47  83 136 142 143 121 135 123  85  94 107 101 101 133
  52  49  51  75 136 143 136 118 142 118 114 144 139 126 115 129
  53  52  58  85 140 149 124 127 137 121 116 141 113  73  95 116
  59  61  67  91 138 145 133 126 138 135 118  94  71  85 135 125
 131 129 134 136 141 143 146 129 131 137 141 122 119 130 116  82
 144 141 141 143 144 148 148 144 140 119 124 124 118 122 131 115
 145 144 144 143 145 148 149 146 146 133  86  65  78 127 145 147
 143 144 144 148 152 148 146 146 146 126  89  85 122 147 148 151
 139 145 145 149 152 147 146 147 134  88 114 135 128 140 145 151
 141 147 145 148 150 143 149 147 142 110 142 149 134 108 144 149
 143 149 149 146 149 144 149 150 149 133 118 104  84 119 148 151
 148 148 149 147 146 148 145 148 148 141 125 119 121 146 148 150
 147 144 147 147 144 146 143 147 145 123  88  94  99 100  98 133
 144 141 145 145 146 149 145 147 143  99 104 125 104 118 129 123
 147 146 151 146 146 150 147 150 145 114 142 141 126 115 119 114
 148 150 147 146 144 147 144 147 149 142 121 102  90 121 136 130

 147 141 134 146  91 135 162 165 162 162 160 163 131 122 111 136
 122 135 106 165 146 159 161 167 163 161 164 161 101 142 139 162
 115 160  87  99 147 126 134 157 142 100 125 161 108 130 110 126
 132 169 132  81 144 141  92 128 144 157  93 136 112 128 146  94
 126 168 165 108 151 153  81  95 155 166 112 124  97 145 160 119
 101 120 122 142 168 141 111 101 125 158 128 142  87 116 157 138
 150 141 151 162 149 135 162 146  90 127 158 163 143 110 128 161
 157 162 156 159 149 161 162 164 157 164 161 161 163 159 164 165
 136 137 144 143 164 174 166 165 166 165 166 164 162 159 157 158
 163 156 151 165 168 165 164 166 164 161 161 164 161 160 161 160
 170 171 168 169 171 167 166 167 167 162 164 161 160 166 168 167
 161 157 161 165 167 172 171 168 164 160 161 164 164 166 166 169
  86  83  84  96 163 173 166 168 169 163 158 163 167 161 158 160
  71  71  72  83 161 166 166 167 166 166 166 169 170 165 166 166
  74  73  71  78 153 163 161 160 164 157 158 165 165 164 167 164
  71  74  72  79 154 163 160 159 159 156 157 159 158 158 161 161
 142 130 120 133  96 134 154 152 154 158 158 154 136 125 122 139
 109 124 101 141 135 152 156 155 157 157 155 154 107 138 134 149
 109 135  85 102 141 128 133 150 144 116 125 147 105 121 117 124
 120 146 119  81 131 130  94 127 130 138  99 130 102 109 127  95
 110 145 144 105 135 134  85 100 145 149 110 119 100 137 147 117
  99 117 120 130 151 129 102 101 124 145 119 133  98 111 146 135
 129 125 133 151 141 124 144 131  97 121 143 146 130 107 130 151
 137 146 146 146 142 152 155 149 145 152 152 153 155 152 150 150
 133 131 139 135 143 149 154 154 153 152 151 154 155 154 154 155
 150 145 137 145 150 150 153 154 153 152 152 154 156 156 155 156
 153 153 151 152 151 151 151 149 153 153 153 153 155 152 152 152
 151 146 147 151 153 152 151 150 152 153 152 154 153 153 153 153
  88  82  86 100 145 151 153 152 151 153 153 152 151 155 155 152
  72  69  67  78 144 151 152 152 153 154 151 152 153 154 153 153
  72  69  67  77 143 149 153 153 153 153 153 154 155 156 155 154
  70  64  65  74 138 148 149 152 154 154 153 152 152 155 155 155
 133 129 116 125  82 115 147 151 151 149 151 150 133 123 114 130
 101 115  95 135 116 131 145 148 145 144 148 148  98 129 119 136
 101 126  73  85 130 122 127 147 140 108 119 146 100 118 115 121
 107 139 113  71 119 118  78 122 128 134  84 121  99 104 126  90
  94 144 141  94 122 124  65  85 135 149 104 119  94 125 141 102
  85 114 116 118 141 124  86  89 114 142 118 125  88 104 142 121
 123 118 121 135 137 119 133 126  88 110 133 141 123  99 114 142
 135 142 137 138 131 140 146 146 134 142 149 148 145 143 145 149
 121 118 127 126 129 144 146 146 147 147 150 148 147 147 150 147
 143 136 124 133 146 148 149 146 146 149 149 145 143 145 147 144
 142 143 149 145 143 148 148 148 147 143 144 148 146 149 150 147
 136 136 140 138 141 144 145 152 152 150 149 146 144 146 146 144
  83  75  85  91 136 143 143 148 149 148 146 147 147 145 146 146
  47  51  58  67 134 141 144 144 145 145 149 149 147 145 151 147
  47  49  52  61 129 141 144 144 145 147 149 148 144 141 146 150
  46  52  53  59 131 144 145 143 139 141 143 148 147 144 147 148

