  65  62  67  73 163 164 165 165 168 167 167 154  75  65  57  62
  65  61  65  78 162 170 171 169 171 167 167 163  76  61  57  56
  62  65  64  75 166 171 174 173 167 164 163 156  79  62  63  61
  78  81  78  90 166 166 162 165 168 163 165 156  84  65  69  66
 168 166 162 166 170 168 166 166 166 168 165 164 163 154 152 154
 168 170 172 165 166 162 171 165 163 169 170 167 169 162 165 163
 168 168 163 165 167 170 165 163 165 164 165 169 170 162 164 161
 174 166 163 168 162 163 167 166 160 161 168 168 169 162 168 162
 175 171 169 169 164 167 170 171 163 170 169 167 170 168 169 167
 175 172 160 117 130 152 164 167 172 169 173 164 165 156 144 165
 170 147 128 149 126 151 170 167 170 173 170 164 167 148 146 166
 175 117 121 161 121  81 159 151 122 157 116 139 159 130 144 163
 178 142  73 127 138 107 171 155  95 142 128  87 159 111 122 169
 178 173 137 128 145  97 166 177 105 164 160  96 171 133 141 168
 134  99 125 166 150  94 109 157  83 137 158  88 144 126 117 173
 170 177 169 166 173 160 164 177 156 175 182 147 168 157 141 168
  63  63  64  71 145 156 159 157 155 152 154 148  75  59  59  58
  64  66  67  73 142 154 153 152 154 152 149 143  80  57  59  57
  66  66  66  73 147 153 155 154 154 154 154 147  80  59  57  57
  78  83  79  89 144 152 155 155 154 151 148 148  85  67  65  65
 146 148 149 151 152 152 151 152 152 152 153 150 143 136 136 132
 152 151 152 154 155 155 152 149 152 150 149 149 147 149 147 147
 155 154 157 156 156 151 155 152 154 151 147 147 149 146 147 146
 154 156 157 156 154 150 151 153 155 152 148 149 148 146 143 144
 156 155 155 155 155 152 151 149 151 151 150 148 147 149 146 143
 154 154 149 125 120 142 153 153 152 149 148 150 149 143 137 146
 157 144 124 134 121 135 150 152 150 147 148 148 147 135 124 145
 155 118 105 136 122  88 141 145 119 139 121 121 140 128 132 144
 156 131  75 110 130  97 142 139  86 117 119  79 134 104 105 142
 159 153 124 110 127  95 140 154 103 129 146  93 143 119 113 146
 133 104 120 150 141 100 104 145  88 120 147  86 131 124 102 147
 145 155 152 149 152 146 141 152 134 148 150 125 145 147 126 150
  54  54  51  50 133 153 150 149 151 149 145 141  73  49  47  47
  49  49  47  56 123 150 151 152 147 146 145 141  71  49  46  44
  49  46  47  46 121 148 146 147 149 143 142 136  73  47  48  45
  72  72  70  75 129 149 148 143 145 147 145 145  84  62  57  60
 143 142 140 138 144 149 150 148 146 144 141 140 136 128 129 126
 149 151 150 150 146 144 147 147 143 143 143 139 141 137 135 135
 146 146 144 145 144 146 143 142 139 139 143 139 138 140 140 136
 145 143 143 144 148 148 145 142 137 137 143 137 136 142 141 137
 141 145 143 143 146 148 147 145 141 138 139 140 135 133 136 137
 147 148 138 114 106 128 142 137 139 138 135 136 134 129 118 133
 145 137 110 121  98 118 142 140 137 136 136 134 134 121 110 133
 147 112  89 130 110  69 127 138 106 128 109 107 127 113 115 129
 146 127  66  96 114  73 129 131  78 104 115  63 116  98  80 125
 152 146 117  91 118  81 131 141  92 114 138  78 132 112  91 136
 131  95  97 132 129  89  85 127  79  96 139  76 118 122  83 132
 144 146 140 145 151 140 120 149 129 135 146 120 131 140 107 134

  62  56  61  66 154 163 161 162 167 165 166 163 169 168 173 168
  57  57  63  69 152 165 164 168 169 144 146 144 122 141 117 141
  65  61  62  65 154 162 162 162 168 156 148 130 111 133 126 157
  75  76  79  84 163 169 170 169 170 165 167 159 159 171 144 168
 154 163 156 156 164 167 169 168 167 164 164 139  87  96  88 147
 167 167 163 165 165 170 165 168 169 173 170 116 128 160 158 182
 167 167 164 163 168 169 164 161 170 169 173 157 142 164 137 175
 168 171 167 168 166 163 165 160 163 172 170 122  95 105  83 156
 165 169 173 165 166 165 163 166 171 167 167 151 155 177 157 177
 165 171 174 162 166 171 165 167 170 164 170 159 171 166 109 164
 164 170 171 166 168 162 170 163 167 152 151  81 107  97  94 160
 163 162 166 166 170 166 167 162 164 130 126 121 138 145 150 173
  73  78  75  90 166 165 165 168 169 117 149 161 127 128 166 166
  67  65  64  78 162 172 163 163 169 160 128 121  73 137 125 169
  62  61  65  81 166 170 168 166 171 172 147 117 142 173  99 177
  65  65  62  78 168 168 168 174 175 175 170 175 178 178 134 170
  58  57  57  65 132 147 146 144 143 146 145 144 142 146 147 150
  59  59  57  65 136 147 147 143 146 137 124 132 105 113 102 126
  59  57  59  67 136 149 146 146 149 143 135 128 104 119 124 147
  75  80  80  85 143 147 149 148 147 149 147 140 134 143 131 145
 148 143 147 148 150 149 147 149 148 150 148 121  79  93  86 125
 154 149 154 148 153 149 147 148 150 148 148 121 119 146 147 150
 152 152 154 151 152 150 151 152 151 149 147 139 117 129 120 148
 155 154 154 154 152 152 154 155 151 152 150 119  86 103  88 134
 157 152 154 155 152 149 152 153 149 153 152 145 139 154 145 152
 159 153 155 155 151 152 155 151 151 153 150 141 142 140 104 141
 156 154 153 152 152 155 151 150 152 142 135  88  97  95 100 146
 145 142 147 144 152 155 156 154 155 120 121 122 130 127 141 152
  71  73  73  89 151 154 156 156 155 125 134 136 110 110 150 149
  64  67  66  79 149 152 157 157 155 149 124 105  75 124 120 152
  63  66  66  83 148 151 154 156 155 154 144 118 131 153 104 155
  63  64  66  78 146 152 155 154 156 154 157 155 156 159 133 145
  47  44  45  60 126 135 136 137 137 133 133 129 125 136 132 134
  47  46  48  57 129 135 140 141 136 118 110 115  80  91  83 107
  49  49  47  62 128 137 140 142 133 129 121 113  98 112 122 140
  73  71  73  84 136 141 138 136 135 134 134 127 116 132 118 131
 141 141 136 145 140 139 139 137 140 136 134 107  63  78  76 120
 145 145 142 145 141 143 143 143 139 135 136 109 115 138 139 146
 149 146 143 147 144 143 139 137 138 138 136 128 104 114  96 135
 151 147 149 145 146 143 139 137 141 139 137 106  78  92  79 129
 149 152 147 143 148 147 142 142 145 137 140 138 131 141 127 149
 150 151 146 148 150 147 143 145 147 142 142 127 129 131  85 120
 153 150 148 149 149 144 146 148 148 128 118  69  73  81  89 140
 133 123 121 129 144 146 144 148 146 106  98 110 114 118 129 151
  50  56  46  75 138 150 145 144 143 114 121 130  96  91 132 145
  51  47  47  70 140 150 144 143 143 138 110  89  66 117  97 140
  54  49  46  72 142 151 146 143 145 148 137 112 127 146  95 146
  54  49  49  72 143 149 146 145 141 147 145 147 146 152 131 144

 168 141 157 168 147 182 175 156 177 164 160 173 166 169 177 170
 173 117 126 144  88 158 137  83 157 109  94 150 166 125  99 134
 168 141 133 171  96 160 164 105 177 166  97 145 128 137 173 178
 169 122 111 159  87 128 142  95 155 171 107 138 127  73 142 178
 163 144 130 159 139 116 157 122 151 159  81 121 161 121 117 175
 166 146 148 167 164 170 173 170 167 170 151 126 149 128 147 170
 165 144 156 165 164 173 169 172 167 164 152 130 117 160 172 175
 167 169 168 170 167 169 170 163 171 170 167 164 169 169 171 175
 162 168 162 169 168 168 161 160 166 167 163 162 168 163 166 174
 161 164 162 170 169 165 164 165 163 165 170 167 165 163 168 168
 163 165 162 169 167 170 169 163 165 171 162 166 165 172 170 168
 154 152 154 163 164 165 168 166 166 166 168 170 166 162 166 168
  66  69  65  84 156 165 163 168 165 162 166 166  90  78  81  78
  61  63  62  79 156 163 164 167 173 174 171 166  75  64  65  62
  56  57  61  76 163 167 167 171 169 171 170 162  78  65  61  65
  62  57  65  75 154 167 167 168 165 165 164 163  73  67  62  65
 150 126 147 145 125 150 148 134 152 141 146 152 149 152 155 145
 147 102 124 131  86 147 120  88 145 104 100 141 150 120 104 133
 146 113 119 143  93 146 129 103 154 140  95 127 110 124 153 159
 142 105 104 134  79 119 117  86 139 142  97 130 110  75 131 156
 144 132 128 140 121 121 139 119 145 141  88 122 136 105 118 155
 145 124 135 147 148 148 147 150 152 150 135 121 134 124 144 157
 146 137 143 149 150 148 149 152 153 153 142 120 125 149 154 154
 143 146 149 147 148 150 151 151 149 151 152 155 155 155 155 156
 144 143 146 148 149 148 152 155 153 151 150 154 156 157 156 154
 146 147 146 149 147 147 151 154 152 155 151 156 156 157 154 155
 147 147 149 147 149 149 150 152 149 152 155 155 154 152 151 152
 132 136 136 143 150 153 152 152 152 151 152 152 151 149 148 146
  65  65  67  85 148 148 151 154 155 155 152 144  89  79  83  78
  57  57  59  80 147 154 154 154 154 155 153 147  73  66  66  66
  57  59  57  80 143 149 152 154 152 153 154 142  73  67  66  64
  58  59  59  75 148 154 152 155 157 159 156 145  71  64  63  63
 134 107 140 131 120 146 135 129 149 120 140 151 145 140 146 144
 132  83 122 118  76 139  96  79 127  85  89 129 132  97  95 131
 136  91 112 132  78 138 114  92 141 131  81 118  91 117 146 152
 125  80  98 116  63 115 104  78 131 129  73 114  96  66 127 146
 129 115 113 127 107 109 128 106 138 127  69 110 130  89 112 147
 133 110 121 134 134 136 136 137 140 142 118  98 121 110 137 145
 133 118 129 134 136 135 138 139 137 142 128 106 114 138 148 147
 137 136 133 135 140 139 138 141 145 147 148 146 143 143 145 141
 137 141 142 136 137 143 137 137 142 145 148 148 144 143 143 145
 136 140 140 138 139 143 139 139 142 143 146 144 145 144 146 146
 135 135 137 141 139 143 143 143 147 147 144 146 150 150 151 149
 126 129 128 136 140 141 144 146 148 150 149 144 138 140 142 143
  60  57  62  84 145 145 147 145 143 148 149 129  75  70  72  72
  45  48  47  73 136 142 143 149 147 146 148 121  46  47  46  49
  44  46  49  71 141 145 146 147 152 151 150 123  56  47  49  49
  47  47  49  73 141 145 149 151 149 150 153 133  50  51  54  54

 170 134 178 178 175 170 175 175 174 168 168 168  78  62  65  65
 177  99 173 142 117 147 172 171 166 168 170 166  81  65  61  62
 169 125 137  73 121 128 160 169 163 163 172 162  78  64  65  67
 166 166 128 127 161 149 117 169 168 165 165 166  90  75  78  73
 173 150 145 138 121 126 130 164 162 167 166 170 166 166 162 163
 160  94  97 107  81 151 152 167 163 170 162 168 166 171 170 164
 164 109 166 171 159 170 164 170 167 165 171 166 162 174 171 165
 177 157 177 155 151 167 167 171 166 163 165 166 165 173 169 165
 156  83 105  95 122 170 172 163 160 165 163 166 168 167 171 168
 175 137 164 142 157 173 169 170 161 164 169 168 163 164 167 167
 182 158 160 128 116 170 173 169 168 165 170 165 165 163 167 167
 147  88  96  87 139 164 164 167 168 169 167 164 156 156 163 154
 168 144 171 159 159 167 165 170 169 170 169 163  84  79  76  75
 157 126 133 111 130 148 156 168 162 162 162 154  65  62  61  65
 141 117 141 122 144 146 144 169 168 164 165 152  69  63  57  57
 168 173 168 169 163 166 165 167 162 161 163 154  66  61  56  62
 145 133 159 156 155 157 154 156 154 155 152 146  78  66  64  63
 155 104 153 131 118 144 154 155 156 154 151 148  83  66  66  63
 152 120 124  75 105 124 149 155 157 157 152 149  79  66  67  64
 149 150 110 110 136 134 125 155 156 156 154 151  89  73  73  71
 152 141 127 130 122 121 120 155 154 156 155 152 144 147 142 145
 146 100  95  97  88 135 142 152 150 151 155 152 152 153 154 156
 141 104 140 142 141 150 153 151 151 155 152 151 155 155 153 159
 152 145 154 139 145 152 153 149 153 152 149 152 155 154 152 157
 134  88 103  86 119 150 152 151 155 154 152 152 154 154 154 155
 148 120 129 117 139 147 149 151 152 151 150 152 151 154 152 152
 150 147 146 119 121 148 148 150 148 147 149 153 148 154 149 154
 125  86  93  79 121 148 150 148 149 147 149 150 148 147 143 148
 145 131 143 134 140 147 149 147 148 149 147 143  85  80  80  75
 147 124 119 104 128 135 143 149 146 146 149 136  67  59  57  59
 126 102 113 105 132 124 137 146 143 147 147 136  65  57  59  59
 150 147 146 142 144 145 146 143 144 146 147 132  65  57  57  58
 144 131 152 146 147 145 147 141 145 146 149 143  72  49  49  54
 146  95 146 127 112 137 148 145 143 146 151 142  72  46  49  54
 140  97 117  66  89 110 138 143 143 144 150 140  70  47  47  51
 145 132  91  96 130 121 114 143 144 145 150 138  75  46  56  50
 151 129 118 114 110  98 106 146 148 144 146 144 129 121 123 133
 140  89  81  73  69 118 128 148 148 146 144 149 149 148 150 153
 120  85 131 129 127 142 142 147 145 143 147 150 148 146 151 150
 149 127 141 131 138 140 137 145 142 142 147 148 143 147 152 149
 129  79  92  78 106 137 139 141 137 139 143 146 145 149 147 151
 135  96 114 104 128 136 138 138 137 139 143 144 147 143 146 149
 146 139 138 115 109 136 135 139 143 143 143 141 145 142 145 145
 120  76  78  63 107 134 136 140 137 139 139 140 145 136 141 141
 131 118 132 116 127 134 134 135 136 138 141 136  84  73  71  73
 140 122 112  98 113 121 129 133 142 140 137 128  62  47  49  49
 107  83  91  80 115 110 118 136 141 140 135 129  57  48  46  47
 134 132 136 125 129 133 133 137 137 136 135 126  60  45  44  47

