  81  86 133 178 149 115 190 203 201 203 198 195 196 201 204 199
 182 155  89 156 176 106 139 205 204 200 196 197 204 198 193 195
 188 197 113 130 113 155 139 205 206 205 204 200 202 203 204 196
 107 199 131 175 143 173 199 205 206 195 198 205 201 199 193 195
 174 191 163 198 167 204 199 197 188 187 198 199 197 197 185 190
 164 120 114 150 180 197 196 171 152 141 157 159 166 165 139 139
 181 183 154  95 155 206 203 154 170 159 161 147 141 143 166 144
 204 206 206 188 191 204 206 191 196 195 188 192 201 187 193 193
 171 172 172 173 198 204 204 207 202 205 206 203 202 202 199 199
 203 193 197 207 206 202 207 200 198 204 204 204 202 199 195 193
 199 207 203 207 204 202 202 206 200 202 199 202 199 197 199 199
 205 205 205 205 205 208 206 203 203 201 199 194 194 196 192 192
 202 201 200 204 203 195 197 200 200 200 197 194 143 117 115 113
 200 200 205 205 204 200 204 202 198 198 195 195 119  60  67  64
 199 199 199 200 198 197 201 203 198 198 200 199 122  63  61  60
 194 198 199 198 196 196 200 199 197 195 192 196 121  64  69  60
  94  94 129 170 149 120 172 192 191 191 190 190 189 187 185 184
 171 149  95 150 163 113 129 185 189 190 191 189 186 186 187 187
 183 186 124 133 125 146 134 186 189 187 187 186 184 186 184 185
 118 184 140 157 138 160 179 188 188 184 181 187 186 186 185 185
 165 182 156 183 164 185 189 189 180 174 175 182 184 183 178 177
 167 137 123 147 169 183 188 169 147 139 149 153 159 155 139 131
 165 170 150 105 144 182 183 150 159 152 144 149 137 132 153 136
 184 187 186 174 176 185 186 179 179 181 172 173 177 169 174 172
 167 167 169 162 177 188 188 188 188 186 185 186 183 182 184 180
 185 179 175 183 189 190 188 189 189 186 185 185 185 185 185 180
 188 188 188 187 191 188 189 185 189 186 187 187 187 187 182 179
 188 189 189 188 189 186 187 186 187 186 185 186 185 185 185 181
 189 190 189 189 188 190 188 188 187 186 185 186 156 118 117 115
 184 187 187 187 186 186 186 187 186 185 185 185 124  72  69  65
 185 188 188 186 186 189 186 185 187 185 185 184 124  70  69  68
 187 188 188 186 185 187 187 186 185 184 184 182 120  66  63  65
  81  85 116 161 144 108 161 177 180 180 181 178 178 181 180 178
 159 146  84 127 147 104 111 180 180 179 177 176 177 177 175 174
 166 176 105 117 111 133 116 174 178 177 175 178 180 174 175 174
 105 165 125 142 120 142 161 177 181 174 174 180 179 176 175 173
 147 167 145 170 146 170 176 174 166 167 164 173 172 174 165 166
 157 121 109 131 154 165 175 155 134 131 134 131 145 148 133 122
 150 158 139  93 119 165 176 141 150 142 130 127 129 122 143 126
 172 177 176 164 153 173 175 165 167 170 162 165 166 159 164 164
 157 153 154 154 164 175 175 178 178 178 177 173 178 177 173 175
 178 170 164 173 176 176 176 176 175 176 178 177 177 176 172 170
 182 181 180 181 176 176 176 181 175 175 175 176 177 172 172 172
 176 176 178 180 175 174 176 180 175 177 177 175 172 169 173 172
 177 177 174 175 175 174 174 174 176 176 176 174 144 107 109 111
 177 175 174 172 176 177 174 172 174 176 175 176 121  57  56  55
 176 173 173 174 175 171 173 173 174 174 172 172 120  53  48  47
 175 173 172 176 173 170 173 170 172 173 171 172 117  58  50  46

 199 195 196 195 190 139 144 193 199 193 199 192 113  64  60  60
 204 193 204 193 185 139 166 193 199 195 199 192 115  67  61  69
 201 198 203 199 197 165 143 187 202 199 197 196 117  60  63  64
 196 204 202 201 197 166 141 201 202 202 199 194 143 119 122 121
 195 197 200 205 199 159 147 192 203 204 202 194 194 195 199 196
 198 196 204 198 198 157 161 188 206 204 199 199 197 195 200 192
 203 200 205 195 187 141 159 195 205 204 202 201 200 198 198 195
 201 204 206 206 188 152 170 196 202 198 200 203 200 198 198 197
 203 205 205 205 197 171 154 191 207 200 206 203 200 202 203 199
 190 139 139 199 199 196 203 206 204 207 202 206 197 204 201 200
 115 106 155 173 204 197 206 204 204 202 202 208 195 200 197 196
 149 176 113 143 167 180 155 191 198 206 204 205 203 204 198 196
 178 156 130 175 198 150  95 188 173 207 207 205 204 205 200 198
 133  89 113 131 163 114 154 206 172 197 203 205 200 205 199 199
  86 155 197 199 191 120 183 206 172 193 207 205 201 200 199 198
  81 182 188 107 174 164 181 204 171 203 199 205 202 200 199 194
 184 187 185 185 177 131 136 172 180 180 179 181 115  65  68  65
 185 187 184 185 178 139 153 174 184 185 182 185 117  69  69  63
 187 186 186 186 183 155 132 169 182 185 187 185 118  72  70  66
 189 186 184 186 184 159 137 177 183 185 187 185 156 124 124 120
 190 189 186 187 182 153 149 173 186 185 187 186 186 185 184 182
 190 191 187 181 175 149 144 172 185 185 187 185 185 185 185 184
 191 190 187 184 174 139 152 181 186 186 186 186 186 185 185 184
 191 189 189 188 180 147 159 179 188 189 189 187 187 186 187 185
 192 185 186 188 189 169 150 179 188 189 185 186 188 187 185 186
 172 129 134 179 189 188 183 186 188 188 189 187 188 186 186 187
 120 113 146 160 185 183 182 185 188 190 188 186 190 186 189 187
 149 163 125 138 164 169 144 176 177 189 191 189 188 186 186 185
 170 150 133 157 183 147 105 174 162 183 187 188 189 187 186 186
 129  95 124 140 156 123 150 186 169 175 188 189 189 187 188 188
  94 149 186 184 182 137 170 187 167 179 188 189 190 187 188 188
  94 171 183 118 165 167 165 184 167 185 188 188 189 184 185 187
 178 174 174 173 166 122 126 164 175 170 172 172 111  55  47  46
 180 175 175 175 165 133 143 164 173 172 172 173 109  56  48  50
 181 177 174 176 174 148 122 159 177 176 172 169 107  57  53  58
 178 177 180 179 172 145 129 166 178 177 177 172 144 121 120 117
 178 176 178 180 173 131 127 165 173 177 176 175 174 176 172 172
 181 177 175 174 164 134 130 162 177 178 175 177 176 175 172 171
 180 179 177 174 167 131 142 170 178 176 175 177 176 176 174 173
 180 180 178 181 166 134 150 167 178 175 175 175 176 174 174 172
 177 180 174 177 174 155 141 165 178 176 181 180 174 172 173 170
 161 111 116 161 176 175 176 175 175 176 176 176 174 174 173 173
 108 104 133 142 170 165 165 173 175 176 176 174 174 177 171 170
 144 147 111 120 146 154 119 153 164 176 176 175 175 176 175 173
 161 127 117 142 170 131  93 164 154 173 181 180 175 172 174 176
 116  84 105 125 145 109 139 176 154 164 180 178 174 174 173 172
  85 146 176 165 167 121 158 177 153 170 181 176 177 175 173 173
  81 159 166 105 147 157 150 172 157 178 182 176 177 177 176 175

  60  69  64 121 196 192 195 197 199 200 196 196 198 199 198 194
  60  61  63 122 199 200 198 198 203 201 197 198 200 199 199 199
  64  67  60 119 195 195 198 198 202 204 200 204 205 205 200 200
 113 115 117 143 194 197 200 200 200 197 195 203 204 200 201 202
 192 192 196 194 194 199 201 203 203 206 208 205 205 205 205 205
 199 199 197 199 202 199 202 200 206 202 202 204 207 203 207 199
 193 195 199 202 204 204 204 198 200 207 202 206 207 197 193 203
 199 199 202 202 203 206 205 202 207 204 204 198 173 172 172 171
 193 193 187 201 192 188 195 196 191 206 204 191 188 206 206 204
 144 166 143 141 147 161 159 170 154 203 206 155  95 154 183 181
 139 139 165 166 159 157 141 152 171 196 197 180 150 114 120 164
 190 185 197 197 199 198 187 188 197 199 204 167 198 163 191 174
 195 193 199 201 205 198 195 206 205 199 173 143 175 131 199 107
 196 204 203 202 200 204 205 206 205 139 155 113 130 113 197 188
 195 193 198 204 197 196 200 204 205 139 106 176 156  89 155 182
 199 204 201 196 195 198 203 201 203 190 115 149 178 133  86  81
  65  63  66 120 182 184 184 185 186 187 187 185 186 188 188 187
  68  69  70 124 184 185 185 187 185 186 189 186 186 188 188 185
  65  69  72 124 185 185 185 186 187 186 186 186 187 187 187 184
 115 117 118 156 186 185 186 187 188 188 190 188 189 189 190 189
 181 185 185 185 186 185 186 187 186 187 186 189 188 189 189 188
 179 182 187 187 187 187 186 189 185 189 188 191 187 188 188 188
 180 185 185 185 185 185 186 189 189 188 190 189 183 175 179 185
 180 184 182 183 186 185 186 188 188 188 188 177 162 169 167 167
 172 174 169 177 173 172 181 179 179 186 185 176 174 186 187 184
 136 153 132 137 149 144 152 159 150 183 182 144 105 150 170 165
 131 139 155 159 153 149 139 147 169 188 183 169 147 123 137 167
 177 178 183 184 182 175 174 180 189 189 185 164 183 156 182 165
 185 185 186 186 187 181 184 188 188 179 160 138 157 140 184 118
 185 184 186 184 186 187 187 189 186 134 146 125 133 124 186 183
 187 187 186 186 189 191 190 189 185 129 113 163 150  95 149 171
 184 185 187 189 190 190 191 191 192 172 120 149 170 129  94  94
  46  50  58 117 172 171 173 172 170 173 170 173 176 172 173 175
  47  48  53 120 172 172 174 174 173 173 171 175 174 173 173 176
  55  56  57 121 176 175 176 174 172 174 177 176 172 174 175 177
 111 109 107 144 174 176 176 176 174 174 174 175 175 174 177 177
 172 173 169 172 175 177 177 175 180 176 174 175 180 178 176 176
 172 172 172 177 176 175 175 175 181 176 176 176 181 180 181 182
 170 172 176 177 177 178 176 175 176 176 176 176 173 164 170 178
 175 173 177 178 173 177 178 178 178 175 175 164 154 154 153 157
 164 164 159 166 165 162 170 167 165 175 173 153 164 176 177 172
 126 143 122 129 127 130 142 150 141 176 165 119  93 139 158 150
 122 133 148 145 131 134 131 134 155 175 165 154 131 109 121 157
 166 165 174 172 173 164 167 166 174 176 170 146 170 145 167 147
 173 175 176 179 180 174 174 181 177 161 142 120 142 125 165 105
 174 175 174 180 178 175 177 178 174 116 133 111 117 105 176 166
 174 175 177 177 176 177 179 180 180 111 104 147 127  84 146 159
 178 180 181 178 178 181 180 180 177 161 108 144 161 116  85  81

 194 199 200 202 205 199 203 171 204 181 164 174 107 188 182  81
 198 199 200 201 205 207 193 172 206 183 120 191 199 197 155  86
 199 199 205 200 205 203 197 172 206 154 114 163 131 113  89 133
 198 200 205 204 205 207 207 173 188  95 150 198 175 130 156 178
 196 198 204 203 205 204 206 198 191 155 180 167 143 113 176 149
 196 197 200 195 208 202 202 204 204 206 197 204 173 155 106 115
 200 201 204 197 206 202 207 204 206 203 196 199 199 139 139 190
 199 203 202 200 203 206 200 207 191 154 171 197 205 205 205 203
 197 198 198 200 203 200 198 202 196 170 152 188 206 206 204 201
 195 198 198 200 201 202 204 205 195 159 141 187 195 205 200 203
 192 200 195 197 199 199 204 206 188 161 157 198 198 204 196 198
 196 199 195 194 194 202 204 203 192 147 159 199 205 200 197 195
 121 122 119 143 194 199 202 202 201 141 166 197 201 202 204 196
  64  63  60 117 196 197 199 202 187 143 165 197 199 203 198 201
  69  61  67 115 192 199 195 199 193 166 139 185 193 204 193 204
  60  60  64 113 192 199 193 199 193 144 139 190 195 196 195 199
 187 185 184 189 188 188 185 167 184 165 167 165 118 183 171  94
 188 188 187 190 189 188 179 167 187 170 137 182 184 186 149  94
 188 188 187 189 189 188 175 169 186 150 123 156 140 124  95 129
 186 186 187 189 188 187 183 162 174 105 147 183 157 133 150 170
 185 186 186 188 189 191 189 177 176 144 169 164 138 125 163 149
 187 189 186 190 186 188 190 188 185 182 183 185 160 146 113 120
 187 186 186 188 187 189 188 188 186 183 188 189 179 134 129 172
 186 185 187 188 186 185 189 188 179 150 169 189 188 186 185 192
 185 187 186 187 187 189 189 188 179 159 147 180 188 189 189 191
 184 185 185 186 186 186 186 186 181 152 139 174 184 187 190 191
 184 185 185 185 185 187 185 185 172 144 149 175 181 187 191 190
 182 184 185 186 186 187 185 186 173 149 153 182 187 186 189 190
 120 124 124 156 185 187 185 183 177 137 159 184 186 184 186 189
  66  70  72 118 185 187 185 182 169 132 155 183 186 186 186 187
  63  69  69 117 185 182 185 184 174 153 139 178 185 184 187 185
  65  68  65 115 181 179 180 180 172 136 131 177 185 185 187 184
 175 176 177 177 176 182 178 157 172 150 157 147 105 166 159  81
 173 173 175 177 176 181 170 153 177 158 121 167 165 176 146  85
 172 173 174 174 178 180 164 154 176 139 109 145 125 105  84 116
 176 174 172 175 180 181 173 154 164  93 131 170 142 117 127 161
 173 175 176 175 175 176 176 164 153 119 154 146 120 111 147 144
 170 171 177 174 174 176 176 175 173 165 165 170 142 133 104 108
 173 173 174 174 176 176 176 175 175 176 175 176 161 116 111 161
 170 173 172 174 180 181 176 178 165 141 155 174 177 174 180 177
 172 174 174 176 175 175 175 178 167 150 134 166 181 178 180 180
 173 174 176 176 177 175 176 178 170 142 131 167 174 177 179 180
 171 172 175 176 177 175 178 177 162 130 134 164 174 175 177 181
 172 172 176 174 175 176 177 173 165 127 131 173 180 178 176 178
 117 120 121 144 172 177 177 178 166 129 145 172 179 180 177 178
  58  53  57 107 169 172 176 177 159 122 148 174 176 174 177 181
  50  48  56 109 173 172 172 173 164 143 133 165 175 175 175 180
  46  47  55 111 172 172 170 175 164 126 122 166 173 174 174 178

