 170 172 169 167 163 167 169 166 163 163 161 164 167 167 166 169
 167 172 168 170 167 166 168 165 170 162 165 165 167 167 165 166
 173 174 167 172 175 167 165 164 166 163 169 169 166 168 167 166
 178 173 169 177 174 169 168 166 165 166 168 165 166 165 164 165
 159 108 111 167 173 170 177 172 171 169 167 163 154 160 163 152
  88  98 132 150 170 164 177 174 173 173 171 149  78  78  78  73
 122 140  97 116 145 146 119 155 169 173 169 157  71  63  63  65
 157 110 101 124 161 128  81 161 141 172 169 161  74  65  63  68
 116  84 125 136 143  92 154 168 130 169 167 149  70  67  61  64
  86 132 181 151 160 106 165 171 127 170 165 152  70  69  63  62
  91 131 167  90 132 145 145 167 144 174 164 156  96  93  94  96
 102 120 165 152 164 168 162 165 168 171 170 167 164 166 171 168
 115 162 169 169 171 169 170 168 170 173 171 172 173 171 173 167
 169 173 177 173 173 173 177 171 170 172 168 172 172 173 174 169
 172 170 174 173 172 172 177 170 172 167 167 172 171 169 175 168
 171 173 175 174 171 173 175 167 173 169 165 169 169 168 169 169
 162 163 164 165 164 163 164 163 162 162 162 163 159 159 159 156
 161 163 165 163 163 165 164 164 162 162 164 162 160 161 160 155
 160 163 165 163 161 164 166 164 163 159 163 161 162 161 162 158
 161 162 163 163 162 161 164 160 161 162 162 161 160 159 160 157
 153 113 115 153 161 161 161 160 162 163 162 160 150 146 149 144
 110 106 130 140 156 155 156 160 162 159 161 152  86  76  77  76
 134 130 108 120 139 138 122 145 157 158 160 151  78  65  65  67
 150 114 103 122 144 126  95 146 142 159 160 150  78  66  65  65
 116  91 116 132 133 100 134 162 135 160 162 145  71  66  67  65
  93 120 159 145 146 117 144 162 137 155 161 149  77  70  67  69
  99 121 161 107 129 147 141 150 143 162 160 152 108  90  89  93
 113 121 164 154 159 164 158 155 159 163 160 157 158 154 153 154
 130 155 166 165 165 163 165 165 163 161 161 158 159 159 158 162
 165 164 165 167 165 164 164 164 160 162 164 159 160 160 160 162
 164 164 165 166 167 166 165 164 160 164 164 162 159 160 160 161
 166 164 166 167 168 165 164 165 162 164 164 164 160 160 161 160
 156 154 153 146 148 153 152 153 148 149 150 149 147 145 146 150
 156 156 154 151 153 151 151 151 148 150 146 148 144 145 145 149
 157 153 154 152 155 155 151 153 152 153 149 148 147 148 146 147
 153 148 150 151 154 159 152 156 157 153 153 149 152 148 144 146
 137  92  93 136 153 158 155 155 151 149 152 148 138 131 133 129
  92  88 114 117 142 145 143 148 149 154 152 136  73  61  60  56
 129 115  94 100 128 127 101 128 143 153 151 140  67  53  49  48
 146  98  90 106 134 112  81 138 127 144 149 140  74  51  51  49
 104  82 104 122 119  89 127 149 121 138 151 137  68  51  50  48
  81 116 151 132 133 107 136 150 124 140 150 141  70  54  53  48
  93 113 147 101 113 137 129 142 133 145 145 143  96  80  86  92
 108 113 155 153 150 156 146 142 147 145 145 149 147 146 148 150
 118 146 154 154 155 157 155 152 152 152 150 153 151 148 149 144
 151 155 154 153 153 155 156 154 155 150 147 149 150 149 148 146
 155 157 155 154 151 154 151 154 155 149 149 147 149 147 144 146
 157 156 157 156 150 153 152 152 151 151 150 147 145 143 144 143

 169 166 166 165 152  73  65  68  64  62  96 168 167 169 168 169
 166 165 167 164 163  78  63  63  61  63  94 171 173 174 175 169
 167 167 168 165 160  78  63  65  67  69  93 166 171 173 169 168
 167 167 166 166 154  78  71  74  70  70  96 164 173 172 171 169
 164 165 169 165 163 149 157 161 149 152 156 167 172 172 172 169
 161 165 169 168 167 171 169 169 167 165 164 170 171 168 167 165
 163 162 163 166 169 173 173 172 169 170 174 171 173 172 167 169
 163 170 166 165 171 173 169 141 130 127 144 168 170 170 172 173
 166 165 164 166 172 174 155 161 168 171 167 165 168 171 170 167
 169 168 165 168 177 177 119  81 154 165 145 162 170 177 177 175
 167 166 167 169 170 164 146 128  92 106 145 168 169 173 172 173
 163 167 175 174 173 170 145 161 143 160 132 164 171 173 172 171
 167 170 172 177 167 150 116 124 136 151  90 152 169 173 173 174
 169 168 167 169 111 132  97 101 125 181 167 165 169 177 174 175
 172 172 174 173 108  98 140 110  84 132 131 120 162 173 170 173
 170 167 173 178 159  88 122 157 116  86  91 102 115 169 172 171
 156 155 158 157 144  76  67  65  65  69  93 154 162 162 161 160
 159 160 162 160 149  77  65  65  67  67  89 153 158 160 160 161
 159 161 161 159 146  76  65  66  66  70  90 154 159 160 160 160
 159 160 162 160 150  86  78  78  71  77 108 158 159 160 159 160
 163 162 161 161 160 152 151 150 145 149 152 157 158 159 162 164
 162 164 163 162 162 161 160 160 162 161 160 160 161 164 164 164
 162 162 159 162 163 159 158 159 160 155 162 163 161 162 164 164
 162 162 163 161 162 162 157 142 135 137 143 159 163 160 160 162
 163 164 164 160 160 160 145 146 162 162 150 155 165 164 164 165
 164 164 166 164 161 156 122  95 134 144 141 158 165 164 165 164
 163 165 164 161 161 155 138 126 100 117 147 164 163 164 166 165
 164 163 161 162 161 156 139 144 133 146 129 159 165 165 167 168
 165 163 163 163 153 140 120 122 132 145 107 154 165 167 166 167
 164 165 165 163 115 130 108 103 116 159 161 164 166 165 165 166
 163 163 163 162 113 106 130 114  91 120 121 121 155 164 164 164
 162 161 160 161 153 110 134 150 116  93  99 113 130 165 164 166
 150 149 147 146 129  56  48  49  48  48  92 150 144 146 146 143
 146 145 146 144 133  60  49  51  50  53  86 148 149 148 144 144
 145 145 148 148 131  61  53  51  51  54  80 146 148 149 147 143
 147 144 147 152 138  73  67  74  68  70  96 147 151 150 149 145
 149 148 148 149 148 136 140 140 137 141 143 149 153 149 147 147
 150 146 149 153 152 152 151 149 151 150 145 145 150 147 149 150
 149 150 153 153 149 154 153 144 138 140 145 145 152 150 149 151
 148 148 152 157 151 149 143 127 121 124 133 147 152 155 155 151
 153 151 153 156 155 148 128 138 149 150 142 142 152 154 154 152
 152 151 151 152 155 143 101  81 127 136 129 146 155 156 151 152
 153 151 155 159 158 145 127 112  89 107 137 156 157 155 154 153
 148 153 155 154 153 142 128 134 119 133 113 150 155 153 151 150
 146 151 152 151 136 117 100 106 122 132 101 153 154 153 154 156
 153 154 154 150  93 114  94  90 104 151 147 155 154 154 155 157
 154 156 153 148  92  88 115  98  82 116 113 113 146 155 157 156
 156 156 157 153 137  92 129 146 104  81  93 108 118 151 155 157

 169 169 168 169 169 165 169 173 167 175 173 171 174 175 173 171
 168 175 169 171 172 167 167 172 170 177 172 172 173 174 170 172
 169 174 173 172 172 168 172 170 171 177 173 173 173 177 173 169
 167 173 171 173 172 171 173 170 168 170 169 171 169 169 162 115
 168 171 166 164 167 170 171 168 165 162 168 164 152 165 120 102
  96  94  93  96 156 164 174 144 167 145 145 132  90 167 131  91
  62  63  69  70 152 165 170 127 171 165 106 160 151 181 132  86
  64  61  67  70 149 167 169 130 168 154  92 143 136 125  84 116
  68  63  65  74 161 169 172 141 161  81 128 161 124 101 110 157
  65  63  63  71 157 169 173 169 155 119 146 145 116  97 140 122
  73  78  78  78 149 171 173 173 174 177 164 170 150 132  98  88
 152 163 160 154 163 167 169 171 172 177 170 173 167 111 108 159
 165 164 165 166 165 168 166 165 166 168 169 174 177 169 173 178
 166 167 168 166 169 169 163 166 164 165 167 175 172 167 174 173
 166 165 167 167 165 165 162 170 165 168 166 167 170 168 172 167
 169 166 167 167 164 161 163 163 166 169 167 163 167 169 172 170
 160 161 160 160 164 164 164 162 165 164 165 168 167 166 164 166
 161 160 160 159 162 164 164 160 164 165 166 167 166 165 164 164
 162 160 160 160 159 164 162 160 164 164 164 165 167 165 164 165
 162 158 159 159 158 161 161 163 165 165 163 165 165 166 155 130
 154 153 154 158 157 160 163 159 155 158 164 159 154 164 121 113
  93  89  90 108 152 160 162 143 150 141 147 129 107 161 121  99
  69  67  70  77 149 161 155 137 162 144 117 146 145 159 120  93
  65  67  66  71 145 162 160 135 162 134 100 133 132 116  91 116
  65  65  66  78 150 160 159 142 146  95 126 144 122 103 114 150
  67  65  65  78 151 160 158 157 145 122 138 139 120 108 130 134
  76  77  76  86 152 161 159 162 160 156 155 156 140 130 106 110
 144 149 146 150 160 162 163 162 160 161 161 161 153 115 113 153
 157 160 159 160 161 162 162 161 160 164 161 162 163 163 162 161
 158 162 161 162 161 163 159 163 164 166 164 161 163 165 163 160
 155 160 161 160 162 164 162 162 164 164 165 163 163 165 163 161
 156 159 159 159 163 162 162 162 163 164 163 164 165 164 163 162
 143 144 143 145 147 150 151 151 152 152 153 150 156 157 156 157
 146 144 147 149 147 149 149 155 154 151 154 151 154 155 157 155
 146 148 149 150 149 147 150 155 154 156 155 153 153 154 155 151
 144 149 148 151 153 150 152 152 152 155 157 155 154 154 146 118
 150 148 146 147 149 145 145 147 142 146 156 150 153 155 113 108
  92  86  80  96 143 145 145 133 142 129 137 113 101 147 113  93
  48  53  54  70 141 150 140 124 150 136 107 133 132 151 116  81
  48  50  51  68 137 151 138 121 149 127  89 119 122 104  82 104
  49  51  51  74 140 149 144 127 138  81 112 134 106  90  98 146
  48  49  53  67 140 151 153 143 128 101 127 128 100  94 115 129
  56  60  61  73 136 152 154 149 148 143 145 142 117 114  88  92
 129 133 131 138 148 152 149 151 155 155 158 153 136  93  92 137
 146 144 148 152 149 153 153 157 156 152 159 154 151 150 148 153
 147 146 148 147 148 149 153 152 153 151 155 155 152 154 153 157
 149 145 145 144 148 146 150 148 151 151 151 153 151 154 156 156
 150 146 145 147 149 150 149 148 153 152 153 148 146 153 154 156

 171 172 169 115 102  91  86 116 157 122  88 159 178 173 167 170
 173 170 173 162 120 131 132  84 110 140  98 108 173 174 172 172
 175 174 177 169 165 167 181 125 101  97 132 111 169 167 168 169
 174 173 173 169 152  90 151 136 124 116 150 167 177 172 170 167
 171 172 173 171 164 132 160 143 161 145 170 173 174 175 167 163
 173 172 173 169 168 145 106  92 128 146 164 170 169 167 166 167
 175 177 177 170 162 145 165 154  81 119 177 177 168 165 168 169
 167 170 171 168 165 167 171 168 161 155 174 172 166 164 165 166
 173 172 170 170 168 144 127 130 141 169 173 171 165 166 170 163
 169 167 172 173 171 174 170 169 172 173 173 169 166 163 162 163
 165 167 168 171 170 164 165 167 169 169 171 167 168 169 165 161
 169 172 172 172 167 156 152 149 161 157 149 163 165 169 165 164
 169 171 172 173 164  96  70  70  74  71  78 154 166 166 167 167
 168 169 173 171 166  93  69  67  65  63  78 160 165 168 167 167
 169 175 174 173 171  94  63  61  63  63  78 163 164 167 165 166
 169 168 169 167 168  96  62  64  68  65  73 152 165 166 166 169
 166 164 165 130 113  99  93 116 150 134 110 153 161 160 161 162
 164 164 164 155 121 121 120  91 114 130 106 113 162 163 163 163
 166 165 165 166 164 161 159 116 103 108 130 115 163 165 165 164
 167 166 167 165 154 107 145 132 122 120 140 153 163 163 163 165
 168 167 165 165 159 129 146 133 144 139 156 161 162 161 163 164
 165 166 164 163 164 147 117 100 126 138 155 161 161 164 165 163
 164 165 164 165 158 141 144 134  95 122 156 161 164 166 164 164
 165 164 164 165 155 150 162 162 146 145 160 160 160 164 164 163
 162 160 160 163 159 143 137 135 142 157 162 162 161 163 162 162
 164 164 162 161 163 162 155 160 159 158 159 163 162 159 162 162
 164 164 164 161 160 160 161 162 160 160 161 162 162 163 164 162
 164 162 159 158 157 152 149 145 150 151 152 160 161 161 162 163
 160 159 160 159 158 108  77  71  78  78  86 150 160 162 160 159
 160 160 160 159 154  90  70  66  66  65  76 146 159 161 161 159
 161 160 160 158 153  89  67  67  65  65  77 149 160 162 160 159
 160 161 162 162 154  93  69  65  65  67  76 144 157 158 155 156
 157 155 151 118 108  93  81 104 146 129  92 137 153 157 156 156
 156 157 155 146 113 113 116  82  98 115  88  92 148 153 156 154
 157 155 154 154 155 147 151 104  90  94 114  93 150 154 154 153
 156 154 153 154 153 101 132 122 106 100 117 136 151 152 151 146
 150 151 153 155 150 113 133 119 134 128 142 153 154 155 153 148
 153 154 155 157 156 137 107  89 112 127 145 158 159 155 151 153
 152 151 156 155 146 129 136 127  81 101 143 155 152 151 151 152
 152 154 154 152 142 142 150 149 138 128 148 155 156 153 151 153
 151 155 155 152 147 133 124 121 127 143 149 151 157 152 148 148
 151 149 150 152 145 145 140 138 144 153 154 149 153 153 150 149
 150 149 147 150 145 145 150 151 149 151 152 152 153 149 146 150
 147 147 149 153 149 143 141 137 140 140 136 148 149 148 148 149
 145 149 150 151 147  96  70  68  74  67  73 138 152 147 144 147
 143 147 149 148 146  80  54  51  51  53  61 131 148 148 145 145
 144 144 148 149 148  86  53  50  51  49  60 133 144 146 145 146
 143 146 146 144 150  92  48  48  49  48  56 129 146 147 149 150

