  67  66  65  72 168 179 177 172 172 167 168 166 164 168 168 170
  64  65  66  76 166 179 174 171 175 169 166 169 170 170 164 167
  66  66  62  74 170 180 173 173 169 171 169 170 171 170 165 164
  65  68  66  71 167 176 175 176 172 170 166 167 175 176 168 163
 140 138 147 144 164 173 168 174 172 170 168 167 168 171 165 162
 180 179 178 173 177 177 173 172 168 167 165 167 169 166 164 163
 180 180 179 178 175 172 169 172 169 166 166 169 166 169 166 160
 178 177 179 179 176 175 174 166 164 167 166 163 161 159 163 164
 176 176 171 173 172 174 174 172 170 167 161 164 164 162 165 162
 155 160 128 110 150 172 158 136 130 160 159 162 163 157 137 128
  87 176 170 171 171 174 119 127 112 161 167 163 167 152 103 119
  94 165 156 154 105 146 121 122 108 134 163 141 117 146  99 162
 156 155 142 176 125  84 100 132 139 141 125 151 108 144 101 163
 159 151 160 183 114 126 117 127 127 122  97 132 144 143  89 168
 120  85  94 157 149 169 109 111 135 101 112  96 129 124  74 121
 174 176 178 182 178 180 167 157 166 147 168 139 153 158 147 148
  66  66  66  62 139 160 161 161 161 160 157 159 159 153 150 149
  66  68  70  67 141 163 165 162 160 160 157 154 153 152 154 153
  69  66  66  68 144 161 163 163 162 157 153 151 153 153 154 153
  67  68  64  69 143 162 163 163 155 156 156 154 151 149 151 150
 131 131 134 140 155 160 163 159 156 155 152 153 151 150 151 151
 162 162 161 163 160 159 160 156 155 155 153 150 151 154 147 146
 165 164 164 166 163 162 161 156 155 154 152 151 152 151 149 149
 162 165 164 164 161 160 158 156 156 152 149 153 153 152 151 149
 166 165 162 162 160 162 159 156 156 152 151 153 154 151 148 147
 150 146 136 118 144 159 151 141 133 148 151 152 152 150 136 126
 100 152 147 150 160 161 128 124 112 144 147 149 147 149  99 110
  98 143 142 149 117 138 119 114 115 127 147 137 111 132  97 139
 151 148 136 161 121  88  98 107 120 119 122 127  99 131  93 138
 157 143 133 158 118 107 104 108 124 114 102 119 126 138  89 136
 123  99  96 142 137 148 114 110 131  93 105  94 121 123  81 116
 150 147 147 150 150 154 146 139 143 127 141 123 129 137 125 126
  52  54  54  46 119 156 156 154 151 145 143 134 137 139 141 144
  51  51  52  48 116 147 147 148 151 148 145 143 141 143 142 143
  51  50  51  49 124 150 146 146 149 145 145 145 144 143 140 141
  62  62  58  55 124 152 150 151 147 146 144 142 143 144 141 144
 124 129 129 126 136 148 148 146 148 147 145 142 141 145 145 138
 156 160 162 156 151 148 146 145 142 144 142 146 141 141 145 140
 157 158 157 154 150 147 145 144 144 145 144 146 143 143 141 141
 163 158 153 155 152 148 145 147 149 147 148 143 144 142 135 133
 158 162 155 153 148 144 147 146 147 143 141 139 138 139 133 136
 143 144 129 104 129 145 140 121 118 137 140 142 139 139 131 116
  83 137 139 144 145 148 121 100  94 127 136 138 139 137  91  96
  85 140 136 143 103 122 106  95  96 104 137 131  96 127  83 127
 145 138 117 146 119  77  95  95 111  93 111 117  79 123  90 132
 148 136 129 154 114  87  96  88 109 106  92 109 111 131  74 128
 113  92  82 133 127 136 111  85 119  78  93  77 104 116  65  88
 144 147 131 144 144 146 139 125 139 114 131 112 117 134 123 112

 170 167 164 163 162 163 160 164 162 128 119 162 163 168 121 148
 168 164 165 168 165 164 166 163 165 137 103  99 101  89  74 147
 168 170 170 176 171 166 169 159 162 157 152 146 144 143 124 158
 164 170 171 175 168 169 166 161 164 163 167 117 108 144 129 153
 166 169 170 167 167 167 169 163 164 162 163 141 151 132  96 139
 168 166 169 166 168 165 166 166 161 159 167 163 125  97 112 168
 167 169 171 170 170 167 166 167 167 160 161 134 141 122 101 147
 172 175 169 172 172 168 169 164 170 130 112 108 139 127 135 166
 172 171 173 176 174 172 172 166 172 136 127 122 132 127 111 157
 177 174 173 175 168 173 169 174 174 158 119 121 100 117 109 167
 179 179 180 176 173 177 172 175 174 172 174 146  84 126 169 180
 168 166 170 167 164 177 175 176 172 150 171 105 125 114 149 178
  72  76  74  71 144 173 178 179 173 110 171 154 176 183 157 182
  65  66  62  66 147 178 179 179 171 128 170 156 142 160  94 178
  66  65  66  68 138 179 180 177 176 160 176 165 155 151  85 176
  67  64  66  65 140 180 180 178 176 155  87  94 156 159 120 174
 149 153 153 150 151 146 149 149 147 126 110 139 138 136 116 126
 150 154 154 151 151 147 149 151 148 136  99  97  93  89  81 125
 153 152 153 149 150 154 151 152 151 150 149 132 131 138 123 137
 159 153 153 151 151 151 152 153 154 152 147 111  99 126 121 129
 159 154 151 154 153 150 151 153 153 152 149 137 127 119  94 123
 157 157 153 156 152 153 152 149 151 151 147 147 122 102 105 141
 160 160 157 156 155 155 154 152 152 148 144 127 119 114  93 127
 161 160 162 155 156 155 155 156 156 133 112 115 120 124 131 143
 161 162 163 163 159 156 156 156 156 141 124 114 107 108 110 139
 161 165 163 163 163 160 161 158 159 151 128 119  98 104 114 146
 160 163 161 162 160 159 162 160 162 159 161 138  88 107 148 154
 139 141 144 143 155 160 163 161 160 144 160 117 121 118 137 150
  62  67  68  69 140 163 166 164 162 118 150 149 161 158 142 150
  66  70  66  64 134 161 164 164 162 136 147 142 136 133  96 147
  66  68  66  68 131 162 164 165 165 146 152 143 148 143  99 147
  66  66  69  67 131 162 165 162 166 150 100  98 151 157 123 150
 144 143 141 144 138 140 141 133 136 116  96 127 132 128  88 112
 141 142 140 141 145 145 141 135 133 131  91  83  90  74  65 123
 139 143 143 144 145 141 143 142 139 139 137 127 123 131 116 134
 137 141 144 143 141 141 143 144 138 139 139  96  79 111 104 117
 134 143 145 142 142 146 146 143 139 142 138 131 117 109  77 112
 143 145 145 144 145 142 144 148 141 140 136 137 111  92  93 131
 145 148 145 146 147 144 145 147 143 137 127 104  93 106  78 114
 151 151 149 147 148 142 144 149 147 118  94  96 111 109 119 139
 154 148 146 151 146 145 144 147 146 121 100  95  95  88  85 125
 156 147 146 150 148 146 145 145 147 140 121 106  95  96 111 139
 156 147 150 152 148 148 147 148 144 145 148 122  77  87 136 146
 119 116 124 124 136 151 150 152 148 129 145 103 119 114 127 144
  46  48  49  55 126 156 154 155 153 104 144 143 146 154 133 144
  54  52  51  58 129 162 157 153 155 129 139 136 117 129  82 131
  54  51  50  62 129 160 158 158 162 144 137 140 138 136  92 147
  52  51  51  62 124 156 157 163 158 143  83  85 145 148 113 144

 148 147 158 153 139 168 147 166 157 167 180 178 182 178 176 174
 121  74 124 129  96 112 101 135 111 109 169 149 157  94  85 120
 168  89 143 144 132  97 122 127 127 117 126 114 183 160 151 159
 163 101 144 108 151 125 141 139 132 100  84 125 176 142 155 156
 162  99 146 117 141 163 134 108 122 121 146 105 154 156 165  94
 119 103 152 167 163 167 161 112 127 119 174 171 171 170 176  87
 128 137 157 163 162 159 160 130 136 158 172 150 110 128 160 155
 162 165 162 164 164 161 167 170 172 174 174 172 173 171 176 176
 164 163 159 161 163 166 167 164 166 174 175 176 179 179 177 178
 160 166 169 166 169 166 166 169 172 169 172 175 178 179 180 180
 163 164 166 169 167 165 167 168 172 173 177 177 173 178 179 180
 162 165 171 168 167 168 170 172 174 168 173 164 144 147 138 140
 163 168 176 175 167 166 170 172 176 175 176 167  71  66  68  65
 164 165 170 171 170 169 171 169 173 173 180 170  74  62  66  66
 167 164 170 170 169 166 169 175 171 174 179 166  76  66  65  64
 170 168 168 164 166 168 167 172 172 177 179 168  72  65  66  67
 126 125 137 129 123 141 127 143 139 146 154 150 150 147 147 150
 116  81 123 121  94 105  93 131 110 114 148 137 142  96  99 123
 136  89 138 126 119 102 114 124 108 104 107 118 158 133 143 157
 138  93 131  99 127 122 119 120 107  98  88 121 161 136 148 151
 139  97 132 111 137 147 127 115 114 119 138 117 149 142 143  98
 110  99 149 147 149 147 144 112 124 128 161 160 150 147 152 100
 126 136 150 152 152 151 148 133 141 151 159 144 118 136 146 150
 147 148 151 154 153 151 152 156 156 159 162 160 162 162 165 166
 149 151 152 153 153 149 152 156 156 158 160 161 164 164 165 162
 149 149 151 152 151 152 154 155 156 161 162 163 166 164 164 165
 146 147 154 151 150 153 155 155 156 160 159 160 163 161 162 162
 151 151 150 151 153 152 155 156 159 163 160 155 140 134 131 131
 150 151 149 151 154 156 156 155 163 163 162 143  69  64  68  67
 153 154 153 153 151 153 157 162 163 163 161 144  68  66  66  69
 153 154 152 153 154 157 160 160 162 165 163 141  67  70  68  66
 149 150 153 159 159 157 160 161 161 161 160 139  62  66  66  66
 112 123 134 117 112 131 114 139 125 139 146 144 144 131 147 144
  88  65 116 104  77  93  78 119  85 111 136 127 133  82  92 113
 128  74 131 111 109  92 106 109  88  96  87 114 154 129 136 148
 132  90 123  79 117 111  93 111  95  95  77 119 146 117 138 145
 127  83 127  96 131 137 104  96  95 106 122 103 143 136 140  85
  96  91 137 139 138 136 127  94 100 121 148 145 144 139 137  83
 116 131 139 139 142 140 137 118 121 140 145 129 104 129 144 143
 136 133 139 138 139 141 143 147 146 147 144 148 153 155 162 158
 133 135 142 144 143 148 147 149 147 145 148 152 155 153 158 163
 141 141 143 143 146 144 145 144 144 145 147 150 154 157 158 157
 140 145 141 141 146 142 144 142 145 146 148 151 156 162 160 156
 138 145 145 141 142 145 147 148 146 148 148 136 126 129 129 124
 144 141 144 143 142 144 146 147 151 150 152 124  55  58  62  62
 141 140 143 144 145 145 145 149 146 146 150 124  49  51  50  51
 143 142 143 141 143 145 148 151 148 147 147 116  48  52  51  51
 144 141 139 137 134 143 145 151 154 156 156 119  46  54  54  52

 174 120 159 156  94  87 155 176 178 180 180 140  65  66  64  67
 176  85 151 155 165 176 160 176 177 180 179 138  68  66  65  66
 178  94 160 142 156 170 128 171 179 179 178 147  66  62  66  65
 182 157 183 176 154 171 110 173 179 178 173 144  71  74  76  72
 178 149 114 125 105 171 150 172 176 175 177 164 167 170 166 168
 180 169 126  84 146 174 172 174 175 172 177 173 176 180 179 179
 167 109 117 100 121 119 158 174 174 169 173 168 175 173 174 177
 157 111 127 132 122 127 136 172 166 172 172 174 176 173 171 172
 166 135 127 139 108 112 130 170 164 169 168 172 172 169 175 172
 147 101 122 141 134 161 160 167 167 166 167 170 170 171 169 167
 168 112  97 125 163 167 159 161 166 166 165 168 166 169 166 168
 139  96 132 151 141 163 162 164 163 169 167 167 167 170 169 166
 153 129 144 108 117 167 163 164 161 166 169 168 175 171 170 164
 158 124 143 144 146 152 157 162 159 169 166 171 176 170 170 168
 147  74  89 101  99 103 137 165 163 166 164 165 168 165 164 168
 148 121 168 163 162 119 128 162 164 160 163 162 163 164 167 170
 150 123 157 151  98 100 150 166 162 165 162 131  67  69  66  66
 147  99 143 148 143 152 146 165 165 164 162 131  68  66  68  66
 147  96 133 136 142 147 136 162 164 164 161 134  64  66  70  66
 150 142 158 161 149 150 118 162 164 166 163 140  69  68  67  62
 150 137 118 121 117 160 144 160 161 163 160 155 143 144 141 139
 154 148 107  88 138 161 159 162 160 162 159 160 162 161 163 160
 146 114 104  98 119 128 151 159 158 161 160 163 163 163 165 161
 139 110 108 107 114 124 141 156 156 156 156 159 163 163 162 161
 143 131 124 120 115 112 133 156 156 155 155 156 155 162 160 161
 127  93 114 119 127 144 148 152 152 154 155 155 156 157 160 160
 141 105 102 122 147 147 151 151 149 152 153 152 156 153 157 157
 123  94 119 127 137 149 152 153 153 151 150 153 154 151 154 159
 129 121 126  99 111 147 152 154 153 152 151 151 151 153 153 159
 137 123 138 131 132 149 150 151 152 151 154 150 149 153 152 153
 125  81  89  93  97  99 136 148 151 149 147 151 151 154 154 150
 126 116 136 138 139 110 126 147 149 149 146 151 150 153 153 149
 144 113 148 145  85  83 143 158 163 157 156 124  62  51  51  52
 147  92 136 138 140 137 144 162 158 158 160 129  62  50  51  54
 131  82 129 117 136 139 129 155 153 157 162 129  58  51  52  54
 144 133 154 146 143 144 104 153 155 154 156 126  55  49  48  46
 144 127 114 119 103 145 129 148 152 150 151 136 124 124 116 119
 146 136  87  77 122 148 145 144 148 147 148 148 152 150 147 156
 139 111  96  95 106 121 140 147 145 145 146 148 150 146 147 156
 125  85  88  95  95 100 121 146 147 144 145 146 151 146 148 154
 139 119 109 111  96  94 118 147 149 144 142 148 147 149 151 151
 114  78 106  93 104 127 137 143 147 145 144 147 146 145 148 145
 131  93  92 111 137 136 140 141 148 144 142 145 144 145 145 143
 112  77 109 117 131 138 142 139 143 146 146 142 142 145 143 134
 117 104 111  79  96 139 139 138 144 143 141 141 143 144 141 137
 134 116 131 123 127 137 139 139 142 143 141 145 144 143 143 139
 123  65  74  90  83  91 131 133 135 141 145 145 141 140 142 141
 112  88 128 132 127  96 116 136 133 141 140 138 144 141 143 144

