 149 147 144 148 140 141 145 146 146 143 143 137  79  52  50  49
 150 145 143 148 145 141 143 150 148 147 144 136  67  51  48  48
 152 150 151 150 145 147 147 153 151 149 144 141  79  51  50  52
 154 155 151 150 145 138 122 150 148 149 147 141  70  50  48  47
 155 153 155 153 124  72  80 114 150 151 151 146  71  48  49  49
 152 150 154 154 131 110 106 101 133 135 135 144 115 101 107 104
 155 154 157 158 149 124 108 110 147 126  75 133 140 151 148 149
 155 159 157 153 139  73  72  83 121  85 115 151 122 157 155 148
 160 163 162 158 113  70 147 153 133  95 139 158 117 154 161 150
 170 171 171 167  99  89 158  95 114 118 142 155 130 155 162 155
  91 106 107 114 105  83 160 133 127 156 142 146 151 163 164 156
  57  57  58  60  99 120 163 161 162 163 159 157 158 164 164 161
  56  53  55  56 128 163 163 161 159 162 165 155 163 163 166 162
  58  55  55  62 138 167 165 162 159 158 164 158 161 160 165 161
  55  58  56  59 135 167 165 163 159 163 160 159 153 158 157 158
  58  62  59  56 128 162 161 163 159 159 156 163 155 155 155 158
 142 143 145 141 142 145 140 136 136 134 133 134  82  56  53  52
 143 143 145 142 141 144 138 138 135 136 138 134  77  55  52  53
 143 141 143 142 139 142 137 138 136 136 137 137  84  55  52  53
 145 145 144 141 140 126 113 136 134 133 135 134  78  55  53  53
 147 149 144 143 121  79  84 109 132 136 138 137  85  56  54  54
 149 148 143 144 127 108 100  94 120 126 123 131 124 107 108 103
 148 146 145 145 142 118 103 106 134 120  74 120 129 139 140 142
 150 146 147 146 131  82  72  87 113  93 112 138 117 139 140 143
 150 150 146 148 115  80 132 141 126 100 126 145 118 139 142 143
 146 149 146 145 107  91 142  99 103 118 131 142 125 148 145 144
  83  90  88  97 107  91 149 140 127 150 136 141 144 151 148 147
  61  57  59  64 107 123 150 149 150 150 151 153 153 146 146 149
  58  58  59  59 121 150 150 153 152 150 150 155 151 145 149 150
  57  57  57  63 126 148 151 152 154 149 150 152 150 149 150 151
  59  58  59  62 123 149 150 152 151 149 150 150 150 151 151 151
  63  66  64  73 129 150 151 153 152 150 150 150 152 153 152 151
 130 129 125 131 129 121 124 124 118 121 121 121  71  40  37  38
 130 132 128 129 129 122 125 123 119 123 122 118  68  41  40  37
 132 135 127 129 129 124 127 124 125 126 126 121  79  42  41  38
 132 132 129 131 129 108  89 113 128 131 128 127  75  39  37  36
 132 129 133 133 109  61  71  89 122 123 126 123  81  45  43  42
 132 133 134 134 122  95  89  81 101 104  98 118 110 103 104  97
 132 135 134 138 136 102  92  83 113  99  58 113 108 130 133 131
 136 139 137 137 120  60  62  69  88  84 110 131 100 131 133 133
 140 139 139 141 105  74 132 132 116  91 117 131 107 133 140 137
 140 137 132 135  97  80 134  85  99 114 118 124 122 138 142 141
  65  77  64  74  87  79 135 132 123 141 128 127 139 140 144 141
  44  44  42  44  97 111 137 140 143 143 145 142 140 141 145 141
  43  43  47  48 117 139 140 139 142 140 141 136 137 141 143 137
  39  44  47  47 115 142 143 142 138 138 144 138 140 138 141 137
  43  45  43  49 109 139 145 139 137 137 142 143 140 139 137 139
  56  58  56  58 116 140 141 137 139 136 140 141 140 136 139 140

  49  48  52  47  49 104 149 148 150 155 156 161 162 161 158 158
  50  48  50  48  49 107 148 155 161 162 164 164 166 165 157 155
  52  51  51  50  48 101 151 157 154 155 163 164 163 160 158 155
  79  67  79  70  71 115 140 122 117 130 151 158 163 161 153 155
 137 136 141 141 146 144 133 151 158 155 146 157 155 158 159 163
 143 144 144 147 151 135  75 115 139 142 142 159 165 164 160 156
 143 147 149 149 151 135 126  85  95 118 156 163 162 158 163 159
 146 148 151 148 150 133 147 121 133 114 127 162 159 159 159 159
 146 150 153 150 114 101 110  83 153  95 133 161 161 162 163 163
 145 143 147 122  80 106 108  72 147 158 160 163 163 165 165 161
 141 141 147 138  72 110 124  73  70  89  83 120 163 167 167 162
 140 145 145 145 124 131 149 139 113  99 105  99 128 138 135 128
 148 148 150 150 153 154 158 153 158 167 114  60  56  62  59  56
 144 143 151 151 155 154 157 157 162 171 107  58  55  55  56  59
 147 145 150 155 153 150 154 159 163 171 106  57  53  55  58  62
 149 150 152 154 155 152 155 155 160 170  91  57  56  58  55  58
  52  53  53  53  54 103 142 143 143 144 147 149 150 151 151 151
  53  52  52  53  54 108 140 140 142 145 148 146 149 150 151 152
  56  55  55  55  56 107 139 139 139 148 151 146 145 149 151 153
  82  77  84  78  85 124 129 117 118 125 144 153 151 150 150 152
 134 134 137 134 137 131 120 138 145 142 141 153 155 152 150 150
 133 138 137 135 138 123  74 112 126 131 136 151 150 150 150 150
 134 136 136 133 136 126 120  93 100 118 150 150 150 149 149 150
 136 135 136 134 132 120 134 113 126 103 127 150 152 154 151 152
 136 138 138 136 109  94 106  87 141  99 140 149 153 152 152 153
 140 138 137 113  84 100 103  72 132 142 149 150 150 151 150 151
 145 144 142 126  79 108 118  82  80  91  91 123 150 148 149 150
 142 141 139 140 121 127 142 131 115 107 107 107 121 126 123 129
 141 142 142 141 143 144 145 146 148 145  97  64  59  63  62  73
 145 145 143 144 144 143 145 147 146 146  88  59  59  57  59  64
 143 143 141 145 149 148 146 146 150 149  90  57  58  57  58  66
 142 143 143 145 147 149 148 150 150 146  83  61  58  57  59  63
  38  37  38  36  42  97 131 133 137 141 141 141 137 137 139 140
  37  40  41  37  43 104 133 133 140 142 144 145 143 141 137 139
  40  41  42  39  45 103 130 131 133 138 140 141 141 138 139 136
  71  68  79  75  81 110 108 100 107 122 139 140 137 140 140 140
 121 118 121 127 123 118 113 131 131 124 127 142 136 138 143 141
 121 122 126 128 126  98  58 110 117 118 128 145 141 144 142 140
 121 123 126 131 123 104  99  84  91 114 141 143 140 138 137 136
 118 119 125 128 122 101 113  88 116  99 123 143 142 138 137 139
 124 123 124 113  89  81  83  69 132  85 132 140 139 142 139 137
 124 125 127  89  71  89  92  62 132 134 135 137 140 143 145 141
 121 122 124 108  61  95 102  60  74  80  79 111 139 142 139 140
 129 129 129 129 109 122 136 120 105  97  87  97 117 115 109 116
 131 129 129 131 133 134 138 137 141 135  74  44  48  47  49  58
 125 128 127 129 133 134 134 137 139 132  64  42  47  47  43  56
 129 132 135 132 129 133 135 139 139 137  77  44  43  44  45  58
 130 130 132 132 132 132 132 136 140 140  65  44  43  39  43  56

 158 155 155 155 163 156 159 159 163 161 162 128  56  59  62  58
 158 157 158 153 159 160 163 159 163 165 167 135  59  56  58  55
 161 165 160 161 158 164 158 159 162 165 167 138  62  55  55  58
 162 166 163 163 155 165 162 159 161 163 163 128  56  55  53  56
 161 164 164 158 157 159 163 162 161 163 120  99  60  58  57  57
 156 164 163 151 146 142 156 127 133 160  83 105 114 107 106  91
 155 162 155 130 155 142 118 114  95 158  89  99 167 171 171 170
 150 161 154 117 158 139  95 133 153 147  70 113 158 162 163 160
 148 155 157 122 151 115  85 121  83  72  73 139 153 157 159 155
 149 148 151 140 133  75 126 147 110 108 124 149 158 157 154 155
 104 107 101 115 144 135 135 133 101 106 110 131 154 154 150 152
  49  49  48  71 146 151 151 150 114  80  72 124 153 155 153 155
  47  48  50  70 141 147 149 148 150 122 138 145 150 151 155 154
  52  50  51  79 141 144 149 151 153 147 147 145 150 151 150 152
  48  48  51  67 136 144 147 148 150 143 141 145 148 143 145 150
  49  50  52  79 137 143 143 146 146 145 141 140 148 144 147 149
 151 152 153 152 150 150 150 152 153 151 150 129  73  64  66  63
 151 151 151 150 150 150 149 151 152 150 149 123  62  59  58  59
 151 150 149 150 152 150 149 154 152 151 148 126  63  57  57  57
 150 149 145 151 155 150 150 152 153 150 150 121  59  59  58  58
 149 146 146 153 153 151 150 150 149 150 123 107  64  59  57  61
 147 148 151 144 141 136 150 127 140 149  91 107  97  88  90  83
 144 145 148 125 142 131 118 103  99 142  91 107 145 146 149 146
 143 142 139 118 145 126 100 126 141 132  80 115 148 146 150 150
 143 140 139 117 138 112  93 113  87  72  82 131 146 147 146 150
 142 140 139 129 120  74 120 134 106 103 118 142 145 145 146 148
 103 108 107 124 131 123 126 120  94 100 108 127 144 143 148 149
  54  54  56  85 137 138 136 132 109  84  79 121 143 144 149 147
  53  53  55  78 134 135 133 134 136 113 126 140 141 144 145 145
  53  52  55  84 137 137 136 136 138 137 142 139 142 143 141 143
  53  52  55  77 134 138 136 135 138 138 144 141 142 145 143 143
  52  53  56  82 134 133 134 136 136 140 145 142 141 145 143 142
 140 139 136 140 141 140 136 139 137 141 140 116  58  56  58  56
 139 137 139 140 143 142 137 137 139 145 139 109  49  43  45  43
 137 141 138 140 138 144 138 138 142 143 142 115  47  47  44  39
 137 143 141 137 136 141 140 142 139 140 139 117  48  47  43  43
 141 145 141 140 142 145 143 143 140 137 111  97  44  42  44  44
 141 144 140 139 127 128 141 123 132 135  79  87  74  64  77  65
 141 142 138 122 124 118 114  99  85 134  80  97 135 132 137 140
 137 140 133 107 131 117  91 116 132 132  74 105 141 139 139 140
 133 133 131 100 131 110  84  88  69  62  60 120 137 137 139 136
 131 133 130 108 113  58  99 113  83  92 102 136 138 134 135 132
  97 104 103 110 118  98 104 101  81  89  95 122 134 134 133 132
  42  43  45  81 123 126 123 122  89  71  61 109 133 133 129 132
  36  37  39  75 127 128 131 128 113  89 108 129 131 129 132 132
  38  41  42  79 121 126 126 125 124 127 124 129 129 127 135 132
  37  40  41  68 118 122 123 119 123 125 122 129 129 128 132 130
  38  37  40  71 121 121 121 118 124 124 121 129 131 125 129 130

  58  55  58  56  57  91 170 160 155 155 152 155 154 152 150 149
  62  58  55  53  57 106 171 163 159 154 150 153 155 150 145 147
  59  56  55  55  58 107 171 162 157 157 154 155 151 151 143 144
  56  59  62  56  60 114 167 158 153 158 154 153 150 150 148 148
 128 135 138 128  99 105  99 113 139 149 131 124 145 145 145 140
 162 167 167 163 120  83  89  70  73 124 110  72 138 147 141 141
 161 165 165 163 163 160 158 147  72 108 106  80 122 147 143 145
 163 163 162 161 161 133  95 153  83 110 101 114 150 153 150 146
 159 159 159 159 162 127 114 133 121 147 133 150 148 151 148 146
 159 163 158 162 163 156 118  95  85 126 135 151 149 149 147 143
 156 160 164 165 159 142 142 139 115  75 135 151 147 144 144 143
 163 159 158 155 157 146 155 158 151 133 144 146 141 141 136 137
 155 153 161 163 158 151 130 117 122 140 115  71  70  79  67  79
 155 158 160 163 164 163 155 154 157 151 101  48  50  51  51  52
 155 157 165 166 164 164 162 161 155 148 107  49  48  50  48  50
 158 158 161 162 161 156 155 150 148 149 104  49  47  52  48  49
  63  59  57  58  61  83 146 150 150 148 149 147 145 143 143 142
  66  58  57  58  57  90 149 150 146 146 148 149 145 141 143 143
  64  59  57  59  59  88 146 146 147 145 143 144 144 143 145 145
  73  62  63  59  64  97 145 148 146 145 144 143 141 142 142 141
 129 123 126 121 107 107 107 115 131 142 127 121 140 139 141 142
 150 149 148 150 123  91  91  80  82 118 108  79 126 142 144 145
 151 150 151 150 150 149 142 132  72 103 100  84 113 137 138 140
 153 152 152 153 149 140  99 141  87 106  94 109 136 138 138 136
 152 151 154 152 150 127 103 126 113 134 120 132 134 136 135 136
 150 149 149 150 150 150 118 100  93 120 126 136 133 136 136 134
 150 150 150 150 151 136 131 126 112  74 123 138 135 137 138 133
 150 150 152 155 153 141 142 145 138 120 131 137 134 137 134 134
 152 150 150 151 153 144 125 118 117 129 124  85  78  84  77  82
 153 151 149 145 146 151 148 139 139 139 107  56  55  55  55  56
 152 151 150 149 146 148 145 142 140 140 108  54  53  52  52  53
 151 151 151 150 149 147 144 143 143 142 103  54  53  53  53  52
  56  43  39  43  44  65 140 140 136 132 132 132 132 132 130 130
  58  45  44  43  44  77 137 139 139 135 133 129 132 135 132 129
  56  43  47  47  42  64 132 139 137 134 134 133 129 127 128 125
  58  49  47  48  44  74 135 141 137 138 134 133 131 129 129 131
 116 109 115 117  97  87  97 105 120 136 122 109 129 129 129 129
 140 139 142 139 111  79  80  74  60 102  95  61 108 124 122 121
 141 145 143 140 137 135 134 132  62  92  89  71  89 127 125 124
 137 139 142 139 140 132  85 132  69  83  81  89 113 124 123 124
 139 137 138 142 143 123  99 116  88 113 101 122 128 125 119 118
 136 137 138 140 143 141 114  91  84  99 104 123 131 126 123 121
 140 142 144 141 145 128 118 117 110  58  98 126 128 126 122 121
 141 143 138 136 142 127 124 131 131 113 118 123 127 121 118 121
 140 140 140 137 140 139 122 107 100 108 110  81  75  79  68  71
 136 139 138 141 141 140 138 133 131 130 103  45  39  42  41  40
 139 137 141 143 145 144 142 140 133 133 104  43  37  41  40  37
 140 139 137 137 141 141 141 137 133 131  97  42  36  38  37  38

