 173 163 148 141 140 153 166 166 167 161 138 109 122 154 169 167
  93  70  63  62  61  67 105 150 138  82  61  55  54  59 101 133
  57  59  63  60  55  55  59  71 100 143 128  74  66  55  60  61
 122 108 118 130 125  85  60  58 127 167  77 110 160 142 131  75
 169 170 171 172 171 164  87  55 103 157  61  85 154 162 108  64
 170 170 158 165 170 170 114  59 102 160  61  61  79 154  72  55
 167 106  60  88 156 170 124  59 119 167  81  62  57 137  88  57
 163  77  56  70 150 167 114  61 152 136 109  79  56 135 107  56
 173 109  74 143 171 150  87 121 172  89 146 135  69 165 149  55
 168 157 102 105 114  93 126 172 152  63  92 115 138 168 162  70
 168 164 152 115 101 119 145 165 153  67  59  68 146 171 157  73
 157 121  61  55  55  54  65 111 123 114  70  57  58 105 103 136
 123  69 108 120  89  61  57  78 157 176 145  76  56  82 149 173
 114 164 176 171 167 133  97 160 164 166 177 158  86 154 177 167
 136 176 173 166 165 171 172 161 114 164 172 172 166 167 169 170
 122 139 169 169 168 169 161 110 129 171 169 167 172 170 169 166
 156 152 146 138 139 148 158 159 161 154 140 124 129 143 155 154
 101  80  71  65  65  73 105 142 143 103  72  61  60  66  97 133
  64  63  63  62  63  60  60  76  96 129 123  70  64  63  64  64
 121 103 108 119 118  88  63  61 108 152  97 101 141 131 115  70
 159 161 154 155 157 151  88  59  99 146  67  81 137 155 118  68
 160 159 151 153 158 159 112  60  93 147  65  66  79 141  84  59
 160 124  77  90 147 156 119  62 110 155  80  60  62 118  86  62
 158  94  62  70 141 154 117  60 132 145 103  75  57 119 105  59
 157 110  69 114 150 148  95 100 146  98 127 128  70 140 140  57
 160 146 105 103 114  91 105 150 151  72  93 111 121 152 154  75
 157 157 144 113  96 111 137 154 146  73  60  70 132 153 154  77
 158 137  81  64  61  63  66 105 116 104  69  62  63 107 111 111
 134  84  90 101  87  63  60  65 121 151 126  77  61  71 122 151
 108 134 157 158 157 124  89 130 149 149 150 139  87 121 150 154
 117 153 156 158 158 157 154 153 122 145 155 154 153 154 154 154
 126 134 152 156 156 155 153 117 119 154 157 158 155 152 153 155
 145 140 137 129 126 137 144 142 144 148 129 110 110 128 142 145
  93  79  66  58  55  61  89 130 136 101  68  49  48  51  88 127
  53  49  51  51  46  43  43  60  78 110 123  66  55  46  48  53
 109  90  92 109 110  76  49  43  87 140  94  87 132 118 112  57
 144 143 144 145 148 142  82  45  82 143  63  70 133 142 113  50
 145 148 140 142 147 145 109  51  75 135  54  46  65 139  86  43
 149 122  71  78 135 147 118  49  80 140  76  49  45 107  78  42
 150  87  50  42 113 146 118  47 106 138 100  69  44  99  96  47
 150 103  52  85 135 148  87  71 136  96 116 120  46 118 129  53
 149 137  92  91 102  84  88 131 140  68  76 105 104 142 145  66
 145 143 139 109  85  91 119 146 146  66  46  54 117 145 147  64
 146 134  79  55  48  45  51  95 106  96  60  43  47  98 109  83
 133  73  75  89  76  52  45  41  99 139 121  67  42  43  95 138
  90 107 136 142 141 116  73 107 136 136 147 135  67  99 141 144
 101 139 143 143 142 141 136 146 113 125 145 147 144 144 147 148
 108 114 143 145 145 144 148 115  94 135 139 141 146 149 145 143

 167 133  61  75  64  55  57  56  55  70  73 136 173 167 170 166
 169 101  60 131 108  72  88 107 149 162 157 103 149 177 169 169
 154  59  55 142 162 154 137 135 165 168 171 105  82 154 167 170
 122  54  66 160 154  79  57  56  69 138 146  58  56  86 166 172
 109  55  74 110  85  61  62  79 135 115  68  57  76 158 172 167
 138  61 128  77  61  61  81 109 146  92  59  70 145 177 172 169
 161  82 143 167 157 160 167 136  89  63  67 114 176 166 164 171
 167 138 100 127 103 102 119 152 172 152 153 123 157 164 114 129
 166 150  71  58  55  59  59  61 121 172 165 111  78 160 161 110
 166 105  59  60  87 114 124 114  87 126 145  65  57  97 172 161
 153  67  55  85 164 170 170 167 150  93 119  54  61 133 171 169
 140  61  55 125 171 170 156 150 171 114 101  55  89 167 165 168
 141  62  60 130 172 165  88  70 143 105 115  55 120 171 166 169
 148  63  63 118 171 158  60  56  74 102 152  61 108 176 173 169
 163  70  59 108 170 170 106  77 109 157 164 121  69 164 176 139
 173  93  57 122 169 170 167 163 173 168 168 157 123 114 136 122
 154 133  64  70  68  59  62  59  57  75  77 111 151 154 154 155
 155  97  64 115 118  84  86 105 140 154 154 111 122 150 154 153
 143  66  63 131 155 141 118 119 140 152 153 107  71 121 154 152
 129  60  64 141 137  79  62  57  70 121 132  63  61  87 153 155
 124  61  70 101  81  66  60  75 128 111  70  62  77 139 154 158
 140  72 123  97  67  65  80 103 127  93  60  69 126 150 155 157
 154 103 129 152 146 147 155 145  98  72  73 104 151 149 145 154
 161 143  96 108  99  93 110 132 146 151 146 116 121 149 122 119
 159 142  76  61  59  60  62  60 100 150 154 105  65 130 153 117
 158 105  60  63  88 112 119 117  95 105 137  66  60  89 154 153
 148  73  60  88 151 159 156 154 148  91 111  63  63 124 157 155
 139  65  63 118 157 158 147 141 150 114  96  61  87 157 158 156
 138  65  62 119 155 153  90  70 114 103 113  64 101 158 158 156
 146  71  63 108 154 151  77  62  69 105 144  81  90 157 156 152
 152  80  63 103 161 159 124  94 110 146 157 137  84 134 153 134
 156 101  64 121 159 160 160 158 157 160 157 158 134 108 117 126
 145 127  53  57  50  43  42  47  53  66  64  83 138 144 148 143
 142  88  48 112 113  86  78  96 129 145 147 109  95 141 147 145
 128  51  46 118 142 139 107  99 118 142 145  98  43  99 144 149
 110  48  55 132 133  65  45  44  46 104 117  47  42  67 144 146
 110  49  66  87  70  46  49  69 120 105  54  43  67 135 147 141
 129  68 123  94  63  54  76 100 116  76  46  60 121 147 145 139
 148 101 110 140 143 135 140 138  96  68  66  96 139 136 125 135
 144 136  78  87  82  75  80 106 136 140 146 106  99 136 113  94
 142 130  60  43  45  51  49  47  71 131 146  95  41 107 146 115
 144  89  43  49  82 109 118 118  87  88 119  51  45  73 136 148
 137  61  43  76 142 145 147 146 148  84  91  45  52 116 141 144
 126  55  46 110 148 147 135 113 135 102  85  48  76 141 142 145
 129  58  51 109 145 142  78  42  85  91 109  55  89 142 143 145
 137  66  51  92 144 140  71  50  52  92 139  79  75 136 143 143
 140  79  49  90 143 148 122  87 103 137 143 134  73 107 139 114
 145  93  53 109 144 145 149 150 150 149 145 146 133  90 101 108

 166 169 170 172 167 169 171 129 110 161 169 168 169 169 139 122
 170 169 167 166 172 172 164 114 161 172 171 165 166 173 176 136
 167 177 154  86 158 177 166 164 160  97 133 167 171 176 164 114
 173 149  82  56  76 145 176 157  78  57  61  89 120 108  69 123
 136 103 105  58  57  70 114 123 111  65  54  55  55  61 121 157
  73 157 171 146  68  59  67 153 165 145 119 101 115 152 164 168
  70 162 168 138 115  92  63 152 172 126  93 114 105 102 157 168
  55 149 165  69 135 146  89 172 121  87 150 171 143  74 109 173
  56 107 135  56  79 109 136 152  61 114 167 150  70  56  77 163
  57  88 137  57  62  81 167 119  59 124 170 156  88  60 106 167
  55  72 154  79  61  61 160 102  59 114 170 170 165 158 170 170
  64 108 162 154  85  61 157 103  55  87 164 171 172 171 170 169
  75 131 142 160 110  77 167 127  58  60  85 125 130 118 108 122
  61  60  55  66  74 128 143 100  71  59  55  55  60  63  59  57
 133 101  59  54  55  61  82 138 150 105  67  61  62  63  70  93
 167 169 154 122 109 138 161 167 166 166 153 140 141 148 163 173
 155 153 152 155 158 157 154 119 117 153 155 156 156 152 134 126
 154 154 154 153 154 155 145 122 153 154 157 158 158 156 153 117
 154 150 121  87 139 150 149 149 130  89 124 157 158 157 134 108
 151 122  71  61  77 126 151 121  65  60  63  87 101  90  84 134
 111 111 107  63  62  69 104 116 105  66  63  61  64  81 137 158
  77 154 153 132  70  60  73 146 154 137 111  96 113 144 157 157
  75 154 152 121 111  93  72 151 150 105  91 114 103 105 146 160
  57 140 140  70 128 127  98 146 100  95 148 150 114  69 110 157
  59 105 119  57  75 103 145 132  60 117 154 141  70  62  94 158
  62  86 118  62  60  80 155 110  62 119 156 147  90  77 124 160
  59  84 141  79  66  65 147  93  60 112 159 158 153 151 159 160
  68 118 155 137  81  67 146  99  59  88 151 157 155 154 161 159
  70 115 131 141 101  97 152 108  61  63  88 118 119 108 103 121
  64  64  63  64  70 123 129  96  76  60  60  63  62  63  63  64
 133  97  66  60  61  72 103 143 142 105  73  65  65  71  80 101
 154 155 143 129 124 140 154 161 159 158 148 139 138 146 152 156
 143 145 149 146 141 139 135  94 115 148 144 145 145 143 114 108
 148 147 144 144 147 145 125 113 146 136 141 142 143 143 139 101
 144 141  99  67 135 147 136 136 107  73 116 141 142 136 107  90
 138  95  43  42  67 121 139  99  41  45  52  76  89  75  73 133
  83 109  98  47  43  60  96 106  95  51  45  48  55  79 134 146
  64 147 145 117  54  46  66 146 146 119  91  85 109 139 143 145
  66 145 142 104 105  76  68 140 131  88  84 102  91  92 137 149
  53 129 118  46 120 116  96 136  71  87 148 135  85  52 103 150
  47  96  99  44  69 100 138 106  47 118 146 113  42  50  87 150
  42  78 107  45  49  76 140  80  49 118 147 135  78  71 122 149
  43  86 139  65  46  54 135  75  51 109 145 147 142 140 148 145
  50 113 142 133  70  63 143  82  45  82 142 148 145 144 143 144
  57 112 118 132  87  94 140  87  43  49  76 110 109  92  90 109
  53  48  46  55  66 123 110  78  60  43  43  46  51  51  49  53
 127  88  51  48  49  68 101 136 130  89  61  55  58  66  79  93
 145 142 128 110 110 129 148 144 142 144 137 126 129 137 140 145

 122 136 114 123 157 168 168 173 163 167 170 169 122  57  93 173
 139 176 164  69 121 164 157 109  77 106 170 170 108  59  70 163
 169 173 176 108  61 152 102  74  56  60 158 171 118  63  63 148
 169 166 171 120  55 115 105 143  70  88 165 172 130  60  62 141
 168 165 167  89  55 101 114 171 150 156 170 171 125  55  61 140
 169 171 133  61  54 119  93 150 167 170 170 164  85  55  67 153
 161 172  97  57  65 145 126  87 114 124 114  87  60  59 105 166
 110 161 160  78 111 165 172 121  61  59  59  55  58  71 150 166
 129 114 164 157 123 153 152 172 152 119 102 103 127 100 138 167
 171 164 166 176 114  67  63  89 136 167 160 157 167 143  82 161
 169 172 177 145  70  59  92 146 109  81  61  61  77 128  61 138
 167 172 158  76  57  68 115 135  79  62  61  85 110  74  55 109
 172 166  86  56  58 146 138  69  56  57  79 154 160  66  54 122
 170 167 154  82 105 171 168 165 135 137 154 162 142  55  59 154
 169 169 177 149 103 157 162 149 107  88  72 108 131  60 101 169
 166 170 167 173 136  73  70  55  56  57  55  64  75  61 133 167
 126 117 108 134 158 157 160 157 158 160 160 159 121  64 101 156
 134 153 134  84 137 157 146 110  94 124 159 161 103  63  80 152
 152 156 157  90  81 144 105  69  62  77 151 154 108  63  71 146
 156 158 158 101  64 113 103 114  70  90 153 155 119  62  65 138
 156 158 157  87  61  96 114 150 141 147 158 157 118  63  65 139
 155 157 124  63  63 111  91 148 154 156 159 151  88  60  73 148
 153 154  89  60  66 137 105  95 117 119 112  88  63  60 105 158
 117 153 130  65 105 154 150 100  60  62  60  59  61  76 142 159
 119 122 149 121 116 146 151 146 132 110  93  99 108  96 143 161
 154 145 149 151 104  73  72  98 145 155 147 146 152 129 103 154
 157 155 150 126  69  60  93 127 103  80  65  67  97 123  72 140
 158 154 139  77  62  70 111 128  75  60  66  81 101  70  61 124
 155 153  87  61  63 132 121  70  57  62  79 137 141  64  60 129
 152 154 121  71 107 153 152 140 119 118 141 155 131  63  66 143
 153 154 150 122 111 154 154 140 105  86  84 118 115  64  97 155
 155 154 154 151 111  77  75  57  59  62  59  68  70  64 133 154
 108 101  90 133 146 145 149 150 150 149 145 144 109  53  93 145
 114 139 107  73 134 143 137 103  87 122 148 143  90  49  79 140
 143 143 136  75  79 139  92  52  50  71 140 144  92  51  66 137
 145 143 142  89  55 109  91  85  42  78 142 145 109  51  58 129
 145 142 141  76  48  85 102 135 113 135 147 148 110  46  55 126
 144 141 116  52  45  91  84 148 146 147 145 142  76  43  61 137
 148 136  73  45  51 119  88  87 118 118 109  82  49  43  89 144
 115 146 107  41  95 146 131  71  47  49  51  45  43  60 130 142
  94 113 136  99 106 146 140 136 106  80  75  82  87  78 136 144
 135 125 136 139  96  66  68  96 138 140 135 143 140 110 101 148
 139 145 147 121  60  46  76 116 100  76  54  63  94 123  68 129
 141 147 135  67  43  54 105 120  69  49  46  70  87  66  49 110
 146 144  67  42  47 117 104  46  44  45  65 133 132  55  48 110
 149 144  99  43  98 145 142 118  99 107 139 142 118  46  51 128
 145 147 141  95 109 147 145 129  96  78  86 113 112  48  88 142
 143 148 144 138  83  64  66  53  47  42  43  50  57  53 127 145

