 201 204 205 203 194 142 117 143 137 135 178 199 203 205 207 205
 198 201 203 199 200 172 150 176 181 169 185 196 207 207 203 207
 200 204 206 202 188 117 202 205 210 179 198 204 202 203 197 205
 202 202 203 204 191 136 145 138 136 107 160 204 203 200 203 205
 171 177 178 201 199 182 182 174 158 156 194 202 205 200 200 205
  81  83  84 173 201 200 187 121 127 162 206 206 201 201 204 208
  75  75  83 169 206 205 164 169 204 188 180 205 202 203 206 206
  76  76  84 170 204 206 204 163 165 120 158 207 204 206 204 204
  79  79  87 169 197 191 213 165 142 173 204 206 202 208 207 207
  84  77  80 169 204 148 155 101 135 189 210 204 205 205 199 204
 134 138 134 182 189 115 189 136 189 152 171 206 207 206 203 209
 195 204 200 203 178 150 120 133 163 109 186 213 208 208 208 204
 202 203 201 200 195 169 152 176 176 178 202 205 210 212 213 203
 203 205 204 201 198 107 136 173 177 138 174 196 205 211 207 206
 205 205 208 203 183 105 201 182 189 117 197 199 196 208 203 208
 204 205 207 203 191 101 197 123 159 156 193 192 201 209 203 206
 186 185 182 181 180 139 114 118 126 125 156 178 182 182 182 180
 184 185 184 183 184 170 143 149 163 159 165 178 178 181 182 182
 183 183 183 183 177 124 171 178 181 171 170 183 184 183 184 183
 182 182 184 185 179 135 126 127 128 109 151 181 183 184 182 181
 155 160 163 180 184 175 161 151 141 148 178 184 184 185 182 180
  79  79  79 155 184 185 170 117 120 148 182 184 182 186 183 180
  74  72  77 150 179 181 164 150 180 172 161 183 184 184 182 181
  74  72  76 146 180 183 181 156 154 124 147 182 183 180 182 180
  73  74  75 148 177 173 177 159 129 160 179 180 182 180 180 178
  73  77  80 152 179 140 124  96 118 156 178 180 183 184 183 180
 120 120 126 166 170 114 164 129 160 142 151 179 183 183 180 179
 185 178 180 179 165 135 123 115 144 105 167 180 181 183 179 179
 183 184 184 183 183 150 141 146 158 148 171 174 180 180 180 182
 183 183 183 183 178 107 122 144 145 122 141 170 177 179 183 179
 181 182 181 182 170  99 170 162 163 115 163 174 169 178 182 181
 181 180 179 179 173 102 173 130 142 148 161 169 174 182 184 181
 179 178 182 183 176 134 105 108 116 115 134 173 177 179 180 178
 181 179 181 182 176 156 139 152 157 153 156 172 178 182 180 178
 182 180 179 180 167 106 173 179 174 161 164 179 180 179 178 178
 181 180 177 178 173 130 125 123 115  99 137 182 181 177 180 180
 140 147 150 168 176 170 161 154 142 142 171 179 177 176 178 179
  66  65  67 146 177 176 166 108 114 135 167 175 181 177 177 180
  62  62  70 142 178 182 155 148 179 164 144 175 178 176 177 175
  65  65  69 147 181 178 177 153 146 109 137 176 177 180 177 176
  60  61  70 141 176 163 178 157 128 149 176 181 177 178 179 178
  65  62  69 143 176 128 128  89 116 146 173 183 179 177 175 179
 116 117 117 160 163 108 162 121 150 133 135 182 178 179 178 175
 175 179 174 180 162 132 109 113 134  97 158 176 178 178 180 176
 179 178 177 180 175 147 137 133 154 152 157 166 175 177 178 174
 178 178 177 177 169 100 115 135 144 121 130 169 170 177 174 173
 180 178 178 176 160 101 169 148 156 110 159 170 165 178 172 173
 180 180 178 178 170 101 166 128 130 144 152 162 167 175 172 176

 205 207 205 205 205 208 206 204 207 204 209 204 203 206 208 206
 207 203 197 203 200 204 206 204 207 199 203 208 213 207 203 203
 205 207 203 200 200 201 203 206 208 205 206 208 212 211 208 209
 203 207 202 203 205 201 202 204 202 205 207 208 210 205 196 201
 199 196 204 204 202 206 205 207 206 204 206 213 205 196 199 192
 178 185 198 160 194 206 180 158 204 210 171 186 202 174 197 193
 135 169 179 107 156 162 188 120 173 189 152 109 178 138 117 156
 137 181 210 136 158 127 204 165 142 135 189 163 176 177 189 159
 143 176 205 138 174 121 169 163 165 101 136 133 176 173 182 123
 117 150 202 145 182 187 164 204 213 155 189 120 152 136 201 197
 142 172 117 136 182 200 205 206 191 148 115 150 169 107 105 101
 194 200 188 191 199 201 206 204 197 204 189 178 195 198 183 191
 203 199 202 204 201 173 169 170 169 169 182 203 200 201 203 203
 205 203 206 203 178  84  83  84  87  80 134 200 201 204 208 207
 204 201 204 202 177  83  75  76  79  77 138 204 203 205 205 205
 201 198 200 202 171  81  75  76  79  84 134 195 202 203 205 204
 180 182 183 181 180 180 181 180 178 180 179 179 182 179 181 181
 182 182 184 182 182 183 182 182 180 183 180 179 180 183 182 184
 182 181 183 184 185 186 184 180 180 184 183 183 180 179 178 182
 182 178 184 183 184 182 184 183 182 183 183 181 180 177 169 174
 178 178 183 181 184 184 183 182 180 180 179 180 174 170 174 169
 156 165 170 151 178 182 161 147 179 178 151 167 171 141 163 161
 125 159 171 109 148 148 172 124 160 156 142 105 148 122 115 148
 126 163 181 128 141 120 180 154 129 118 160 144 158 145 163 142
 118 149 178 127 151 117 150 156 159  96 129 115 146 144 162 130
 114 143 171 126 161 170 164 181 177 124 164 123 141 122 170 173
 139 170 124 135 175 185 181 183 173 140 114 135 150 107  99 102
 180 184 177 179 184 184 179 180 177 179 170 165 183 178 170 173
 181 183 183 185 180 155 150 146 148 152 166 179 183 183 182 179
 182 184 183 184 163  79  77  76  75  80 126 180 184 183 181 179
 185 185 183 182 160  79  72  72  74  77 120 178 184 183 182 180
 186 184 183 182 155  79  74  74  73  73 120 185 183 183 181 181
 178 178 178 180 179 180 175 176 178 179 175 176 174 173 173 176
 180 180 178 180 178 177 177 177 179 175 178 180 178 174 172 172
 179 182 179 177 176 177 176 180 178 177 179 178 177 177 178 175
 177 178 180 181 177 181 178 177 177 179 178 178 175 170 165 167
 173 172 179 182 179 175 175 176 181 183 182 176 166 169 170 162
 134 156 164 137 171 167 144 137 176 173 135 158 157 130 159 152
 115 153 161  99 142 135 164 109 149 146 133  97 152 121 110 144
 116 157 174 115 142 114 179 146 128 116 150 134 154 144 156 130
 108 152 179 123 154 108 148 153 157  89 121 113 133 135 148 128
 105 139 173 125 161 166 155 177 178 128 162 109 137 115 169 166
 134 156 106 130 170 176 182 178 163 128 108 132 147 100 101 101
 176 176 167 173 176 177 178 181 176 176 163 162 175 169 160 170
 183 182 180 178 168 146 142 147 141 143 160 180 180 177 176 178
 182 181 179 177 150  67  70  69  70  69 117 174 177 177 178 178
 178 179 180 180 147  65  62  65  61  62 117 179 178 178 178 180
 179 181 182 181 140  66  62  65  60  65 116 175 179 178 180 180

 206 203 209 201 192 193 156 159 123 197 101 191 203 207 205 204
 208 203 208 196 199 197 117 189 182 201 105 183 203 208 205 205
 206 207 211 205 196 174 138 177 173 136 107 198 201 204 205 203
 203 213 212 210 205 202 178 176 176 152 169 195 200 201 203 202
 204 208 208 208 213 186 109 163 133 120 150 178 203 200 204 195
 209 203 206 207 206 171 152 189 136 189 115 189 182 134 138 134
 204 199 205 205 204 210 189 135 101 155 148 204 169  80  77  84
 207 207 208 202 206 204 173 142 165 213 191 197 169  87  79  79
 204 204 206 204 207 158 120 165 163 204 206 204 170  84  76  76
 206 206 203 202 205 180 188 204 169 164 205 206 169  83  75  75
 208 204 201 201 206 206 162 127 121 187 200 201 173  84  83  81
 205 200 200 205 202 194 156 158 174 182 182 199 201 178 177 171
 205 203 200 203 204 160 107 136 138 145 136 191 204 203 202 202
 205 197 203 202 204 198 179 210 205 202 117 188 202 206 204 200
 207 203 207 207 196 185 169 181 176 150 172 200 199 203 201 198
 205 207 205 203 199 178 135 137 143 117 142 194 203 205 204 201
 181 184 182 174 169 161 148 142 130 173 102 173 179 179 180 181
 181 182 178 169 174 163 115 163 162 170  99 170 182 181 182 181
 179 183 179 177 170 141 122 145 144 122 107 178 183 183 183 183
 182 180 180 180 174 171 148 158 146 141 150 183 183 184 184 183
 179 179 183 181 180 167 105 144 115 123 135 165 179 180 178 185
 179 180 183 183 179 151 142 160 129 164 114 170 166 126 120 120
 180 183 184 183 180 178 156 118  96 124 140 179 152  80  77  73
 178 180 180 182 180 179 160 129 159 177 173 177 148  75  74  73
 180 182 180 183 182 147 124 154 156 181 183 180 146  76  72  74
 181 182 184 184 183 161 172 180 150 164 181 179 150  77  72  74
 180 183 186 182 184 182 148 120 117 170 185 184 155  79  79  79
 180 182 185 184 184 178 148 141 151 161 175 184 180 163 160 155
 181 182 184 183 181 151 109 128 127 126 135 179 185 184 182 182
 183 184 183 184 183 170 171 181 178 171 124 177 183 183 183 183
 182 182 181 178 178 165 159 163 149 143 170 184 183 184 185 184
 180 182 182 182 178 156 125 126 118 114 139 180 181 182 185 186
 176 172 175 167 162 152 144 130 128 166 101 170 178 178 180 180
 173 172 178 165 170 159 110 156 148 169 101 160 176 178 178 180
 173 174 177 170 169 130 121 144 135 115 100 169 177 177 178 178
 174 178 177 175 166 157 152 154 133 137 147 175 180 177 178 179
 176 180 178 178 176 158  97 134 113 109 132 162 180 174 179 175
 175 178 179 178 182 135 133 150 121 162 108 163 160 117 117 116
 179 175 177 179 183 173 146 116  89 128 128 176 143  69  62  65
 178 179 178 177 181 176 149 128 157 178 163 176 141  70  61  60
 176 177 180 177 176 137 109 146 153 177 178 181 147  69  65  65
 175 177 176 178 175 144 164 179 148 155 182 178 142  70  62  62
 180 177 177 181 175 167 135 114 108 166 176 177 146  67  65  66
 179 178 176 177 179 171 142 142 154 161 170 176 168 150 147 140
 180 180 177 181 182 137  99 115 123 125 130 173 178 177 180 181
 178 178 179 180 179 164 161 174 179 173 106 167 180 179 180 182
 178 180 182 178 172 156 153 157 152 139 156 176 182 181 179 181
 178 180 179 177 173 134 115 116 108 105 134 176 183 182 178 179

 204 205 203 202 195 134  84  79  76  75  81 171 202 200 198 201
 205 205 205 203 204 138  77  79  76  75  83 177 202 204 201 204
 207 208 204 201 200 134  80  87  84  83  84 178 203 206 203 205
 203 203 201 200 203 182 169 169 170 169 173 201 204 202 199 203
 191 183 198 195 178 189 204 197 204 206 201 199 191 188 200 194
 101 105 107 169 150 115 148 191 206 205 200 182 136 117 172 142
 197 201 136 152 120 189 155 213 204 164 187 182 145 202 150 117
 123 182 173 176 133 136 101 165 163 169 121 174 138 205 176 143
 159 189 177 176 163 189 135 142 165 204 127 158 136 210 181 137
 156 117 138 178 109 152 189 173 120 188 162 156 107 179 169 135
 193 197 174 202 186 171 210 204 158 180 206 194 160 198 185 178
 192 199 196 205 213 206 204 206 207 205 206 202 204 204 196 199
 201 196 205 210 208 207 205 202 204 202 201 205 203 202 207 203
 209 208 211 212 208 206 205 208 206 203 201 200 200 203 207 205
 203 203 207 213 208 203 199 207 204 206 204 200 203 197 203 207
 206 208 206 203 204 209 204 207 204 206 208 205 205 205 207 205
 181 181 183 183 185 120  73  73  74  74  79 155 182 183 184 186
 180 182 183 184 178 120  77  74  72  72  79 160 182 183 185 185
 179 181 183 184 180 126  80  75  76  77  79 163 184 183 184 182
 179 182 183 183 179 166 152 148 146 150 155 180 185 183 183 181
 173 170 178 183 165 170 179 177 180 179 184 184 179 177 184 180
 102  99 107 150 135 114 140 173 183 181 185 175 135 124 170 139
 173 170 122 141 123 164 124 177 181 164 170 161 126 171 143 114
 130 162 144 146 115 129  96 159 156 150 117 151 127 178 149 118
 142 163 145 158 144 160 118 129 154 180 120 141 128 181 163 126
 148 115 122 148 105 142 156 160 124 172 148 148 109 171 159 125
 161 163 141 171 167 151 178 179 147 161 182 178 151 170 165 156
 169 174 170 174 180 179 180 180 182 183 184 184 181 183 178 178
 174 169 177 180 181 183 183 182 183 184 182 184 183 184 178 182
 182 178 179 180 183 183 184 180 180 184 186 185 184 183 181 182
 184 182 183 180 179 180 183 180 182 182 183 182 182 184 182 182
 181 181 179 182 179 179 180 178 180 181 180 180 181 183 182 180
 180 180 178 179 175 116  65  60  65  62  66 140 181 182 181 179
 180 178 178 178 179 117  62  61  65  62  65 147 180 180 179 178
 178 178 177 177 174 117  69  70  69  70  67 150 177 179 181 182
 178 176 177 180 180 160 143 141 147 142 146 168 178 180 182 183
 170 160 169 175 162 163 176 176 181 178 177 176 173 167 176 176
 101 101 100 147 132 108 128 163 178 182 176 170 130 106 156 134
 166 169 115 137 109 162 128 178 177 155 166 161 125 173 139 105
 128 148 135 133 113 121  89 157 153 148 108 154 123 179 152 108
 130 156 144 154 134 150 116 128 146 179 114 142 115 174 157 116
 144 110 121 152  97 133 146 149 109 164 135 142  99 161 153 115
 152 159 130 157 158 135 173 176 137 144 167 171 137 164 156 134
 162 170 169 166 176 182 183 181 176 175 175 179 182 179 172 173
 167 165 170 175 178 178 179 177 177 178 181 177 181 180 178 177
 175 178 177 177 178 179 177 178 180 176 177 176 177 179 182 179
 172 172 174 178 180 178 175 179 177 177 177 178 180 178 180 180
 176 173 173 174 176 175 179 178 176 175 180 179 180 178 178 178

